-1.40 4.56 1.00
-7.52 -4.56 2.00
-6.27 -7.04 0.00
-6.51 6.78 5.00
-6.69 7.14 5.00
0.83 -0.29 4.00
6.96 1.75 3.00
-1.22 -1.68 4.00
5.58 0.91 3.00
-2.56 3.08 1.00
-7.10 -7.94 0.00
-9.14 6.73 5.00
0.64 2.12 4.00
-6.56 -2.83 2.00
-2.47 4.88 1.00
-8.04 5.82 5.00
-3.14 3.28 1.00
-6.35 6.54 5.00
-6.82 -7.82 0.00
4.67 -0.84 3.00
-7.90 -6.41 0.00
-2.90 3.34 1.00
1.29 -0.81 4.00
-5.74 -5.89 0.00
5.90 1.98 3.00
-1.04 -1.77 4.00
0.27 1.10 4.00
-1.87 3.39 1.00
-6.36 -5.09 2.00
1.01 0.24 4.00
4.85 3.23 3.00
0.97 -0.81 4.00
-5.27 -4.92 2.00
-7.03 -6.19 2.00
-9.21 7.19 5.00
-7.97 6.66 5.00
-5.75 -6.87 0.00
-0.02 -1.65 4.00
-5.31 -6.98 0.00
5.11 0.78 3.00
-1.59 2.55 1.00
-3.18 5.03 1.00
-8.14 -5.92 0.00
6.96 1.67 3.00
-4.72 3.62 1.00
-6.96 -7.96 0.00
-5.29 -5.08 2.00
-8.46 6.74 5.00
3.83 1.79 3.00
-0.01 0.97 4.00
-2.94 5.18 1.00
-7.35 -3.18 2.00
-1.50 5.80 1.00
-8.78 6.00 5.00
-7.84 -5.19 2.00
5.97 0.54 3.00
-7.69 7.02 5.00
-2.10 2.61 1.00
-2.53 4.89 1.00
-3.22 4.90 1.00
-8.87 6.95 5.00
-7.20 -7.41 0.00
-9.86 6.39 5.00
4.69 1.11 3.00
-7.69 7.78 5.00
-5.67 -4.54 2.00
5.37 1.89 3.00
5.98 1.41 3.00
-3.00 4.04 1.00
-7.14 -8.33 0.00
-5.55 -4.59 2.00
6.05 3.09 3.00
-6.44 -4.04 2.00
-7.40 8.36 5.00
-8.13 -6.65 0.00
6.36 0.28 3.00
-5.07 -3.32 2.00
-5.69 -6.28 2.00
-7.85 -7.91 0.00
-7.83 -5.24 2.00
-6.21 -5.31 2.00
-7.10 -7.38 0.00
-3.96 -6.23 0.00
-6.14 -6.59 2.00
0.77 -1.19 4.00
5.06 0.73 3.00
-8.22 5.74 5.00
0.09 -0.43 4.00
-4.55 4.07 1.00
-6.72 -7.59 0.00
3.63 0.77 3.00
-1.14 2.77 1.00
-8.77 8.11 5.00
0.41 -0.41 4.00
-1.53 -0.77 4.00
-6.78 -9.35 0.00
1.19 -1.07 4.00
1.08 -0.93 4.00
-6.01 -3.95 2.00
5.06 0.56 3.00