1 2 10.98
1 3 12.58
1 4 5.57
1 5 5.89
1 6 5.34
1 7 8.82
1 8 6.24
1 9 7.88
1 10 1.88
1 11 13.74
1 12 8.04
1 13 3.18
1 14 9.01
1 15 1.12
1 16 6.76
1 17 2.16
1 18 5.33
1 19 13.51
1 20 8.12
1 21 12.75
1 22 1.93
1 23 6.01
1 24 11.32
1 25 7.74
1 26 6.34
1 27 3.84
1 28 1.26
1 29 10.85
1 30 4.95
1 31 6.39
1 32 5.87
1 33 10.24
1 34 12.14
1 35 8.24
1 36 6.90
1 37 12.23
1 38 6.36
1 39 12.18
1 40 7.53
1 41 2.02
1 42 1.84
1 43 12.46
1 44 8.85
1 45 3.45
1 46 13.70
1 47 10.40
1 48 7.39
1 49 5.92
1 50 3.85
1 51 1.66
1 52 9.76
1 53 1.24
1 54 7.52
1 55 11.68
1 56 8.40
1 57 6.75
1 58 2.07
1 59 1.18
1 60 1.85
1 61 7.84
1 62 13.30
1 63 8.66
1 64 7.00
1 65 7.07
1 66 10.05
1 67 7.28
1 68 8.02
1 69 1.68
1 70 14.11
1 71 10.05
1 72 7.59
1 73 9.97
1 74 7.10
1 75 13.08
1 76 8.86
1 77 8.69
1 78 11.66
1 79 14.04
1 80 11.72
1 81 10.98
1 82 13.23
1 83 11.09
1 84 12.12
1 85 6.15
1 86 7.51
1 87 6.92
1 88 5.21
1 89 3.19
1 90 13.26
1 91 6.30
1 92 1.81
1 93 8.18
1 94 5.29
1 95 5.33
1 96 14.91
1 97 6.20
1 98 6.02
1 99 9.68
1 100 7.60
2 3 2.78
2 4 11.38
2 5 11.73
2 6 9.38
2 7 15.80
2 8 6.93
2 9 14.20
2 10 9.11
2 11 3.41
2 12 11.41
2 13 10.55
2 14 1.98
2 15 10.71
2 16 10.39
2 17 8.98
2 18 11.16
2 19 3.33
2 20 12.74
2 21 1.89
2 22 9.15
2 23 9.57
2 24 2.22
2 25 14.93
2 26 7.06
2 27 9.63
2 28 9.75
2 29 1.28
2 30 9.79
2 31 14.62
2 32 9.28
2 33 2.28
2 34 1.70
2 35 11.87
2 36 11.23
2 37 2.91
2 38 8.04
2 39 3.28
2 40 13.71
2 41 9.26
2 42 10.53
2 43 1.49
2 44 15.76
2 45 8.65
2 46 3.45
2 47 2.29
2 48 11.34
2 49 13.01
2 50 9.33
2 51 10.76
2 52 1.39
2 53 11.98
2 54 10.63
2 55 0.71
2 56 14.42
2 57 11.58
2 58 8.99
2 59 10.69
2 60 10.39
2 61 11.59
2 62 2.87
2 63 11.20
2 64 13.46
2 65 12.34
2 66 1.85
2 67 14.41
2 68 14.76
2 69 9.72
2 70 3.79
2 71 1.97
2 72 15.58
2 73 1.20
2 74 12.92
2 75 2.18
2 76 14.70
2 77 2.75
2 78 2.51
2 79 3.37
2 80 0.75
2 81 1.51
2 82 2.85
2 83 3.93
2 84 2.45
2 85 8.95
2 86 13.65
2 87 10.32
2 88 8.66
2 89 9.13
2 90 3.13
2 91 12.36
2 92 9.72
2 93 12.73
2 94 8.95
2 95 7.09
2 96 4.85
2 97 9.38
2 98 9.33
2 99 1.63
2 100 13.58
3 4 13.82
3 5 14.19
3 6 9.80
3 7 15.88
3 8 7.36
3 9 14.27
3 10 10.78
3 11 1.22
3 12 14.07
3 13 11.47
3 14 4.22
3 15 12.51
3 16 12.98
3 17 10.78
3 18 13.58
3 19 0.95
3 20 12.57
3 21 1.75
3 22 10.91
3 23 9.80
3 24 1.27
3 25 15.15
3 26 7.42
3 27 10.44
3 28 11.32
3 29 1.95
3 30 10.30
3 31 15.14
3 32 9.55
3 33 2.34
3 34 1.14
3 35 14.53
3 36 13.81
3 37 0.55
3 38 8.25
3 39 0.96
3 40 13.81
3 41 10.67
3 42 12.46
3 43 2.18
3 44 15.84
3 45 10.77
3 46 1.15
3 47 2.19
3 48 13.95
3 49 13.42
3 50 10.17
3 51 12.67
3 52 4.01
3 53 13.70
3 54 13.28
3 55 2.43
3 56 14.40
3 57 14.13
3 58 10.51
3 59 12.50
3 60 12.32
3 61 14.23
3 62 1.00
3 63 13.90
3 64 13.66
3 65 14.89
3 66 2.57
3 67 14.67
3 68 14.88
3 69 11.55
3 70 1.56
3 71 2.55
3 72 15.95
3 73 3.00
3 74 15.44
3 75 1.90
3 76 14.60
3 77 3.91
3 78 0.96
3 79 1.80
3 80 2.38
3 81 1.73
3 82 0.90
3 83 2.45
3 84 0.47
3 85 9.15
3 86 13.74
3 87 12.93
3 88 9.17
3 89 11.24
3 90 0.71
3 91 12.61
3 92 11.07
3 93 15.35
3 94 9.41
3 95 7.86
3 96 2.37
3 97 9.55
3 98 9.56
3 99 3.10
3 100 13.64
4 5 0.40
4 6 10.19
4 7 14.38
4 8 9.98
4 9 13.44
4 10 5.41
4 11 14.73
4 12 2.63
4 13 8.53
4 14 9.61
4 15 4.46
4 16 1.81
4 17 4.86
4 18 0.29
4 19 14.60
4 20 13.53
4 21 13.26
4 22 4.99
4 23 10.88
4 24 12.69
4 25 13.31
4 26 10.15
4 27 8.84
4 28 5.75
4 29 11.87
4 30 9.97
4 31 11.90
4 32 10.66
4 33 11.77
4 34 12.98
4 35 2.73
4 36 1.46
4 37 13.67
4 38 10.64
4 39 13.81
4 40 13.08
4 41 6.49
4 42 3.76
4 43 12.80
4 44 14.41
4 45 3.63
4 46 14.75
4 47 11.92
4 48 1.95
4 49 11.48
4 50 8.72
4 51 3.91
4 52 10.00
4 53 5.10
4 54 2.40
4 55 12.04
4 56 13.95
4 57 1.20
4 58 6.07
4 59 4.41
4 60 3.79
4 61 2.37
4 62 14.21
4 63 3.37
4 64 12.55
4 65 1.55
4 66 11.35
4 67 12.85
4 68 13.60
4 69 4.45
4 70 15.12
4 71 11.41
4 72 13.09
4 73 10.82
4 74 1.81
4 75 13.53
4 76 14.42
4 77 10.20
4 78 13.09
4 79 14.75
4 80 12.09
4 81 12.09
4 82 14.17
4 83 13.26
4 84 13.38
4 85 10.79
4 86 13.06
4 87 2.00
4 88 9.77
4 89 3.34
4 90 14.37
4 91 11.79
4 92 6.70
4 93 2.62
4 94 9.98
4 95 9.04
4 96 16.13
4 97 11.00
4 98 10.82
4 99 10.74
4 100 13.14
5 6 10.57
5 7 14.68
5 8 10.38
5 9 13.76
5 10 5.79
5 11 15.09
5 12 2.48
5 13 8.88
5 14 9.97
5 15 4.79
5 16 1.89
5 17 5.24
5 18 0.69
5 19 14.96
5 20 13.88
5 21 13.60
5 22 5.37
5 23 11.26
5 24 13.06
5 25 13.61
5 26 10.55
5 27 9.22
5 28 6.11
5 29 12.23
5 30 10.34
5 31 12.18
5 32 11.04
5 33 12.14
5 34 13.33
5 35 2.52
5 36 1.37
5 37 14.04
5 38 11.03
5 39 14.19
5 40 13.40
5 41 6.86
5 42 4.10
5 43 13.14
5 44 14.71
5 45 4.03
5 46 15.10
5 47 12.30
5 48 1.81
5 49 11.80
5 50 9.09
5 51 4.23
5 52 10.34
5 53 5.36
5 54 2.38
5 55 12.38
5 56 14.28
5 57 1.01
5 58 6.45
5 59 4.73
5 60 4.13
5 61 2.19
5 62 14.56
5 63 3.26
5 64 12.88
5 65 1.19
5 66 11.72
5 67 13.15
5 68 13.91
5 69 4.82
5 70 15.48
5 71 11.79
5 72 13.37
5 73 11.18
5 74 1.41
5 75 13.86
5 76 14.74
5 77 10.58
5 78 13.46
5 79 15.09
5 80 12.43
5 81 12.46
5 82 14.53
5 83 13.65
5 84 13.74
5 85 11.18
5 86 13.38
5 87 2.07
5 88 10.16
5 89 3.74
5 90 14.73
5 91 12.13
5 92 7.06
5 93 2.30
5 94 10.36
5 95 9.44
5 96 16.49
5 97 11.38
5 98 11.20
5 99 11.11
5 100 13.47
6 7 6.46
6 8 2.48
6 9 4.90
6 10 4.78
6 11 11.02
6 12 12.19
6 13 2.42
6 14 7.81
6 15 6.13
6 16 10.77
6 17 5.34
6 18 9.91
6 19 10.73
6 20 3.88
6 21 10.66
6 22 5.20
6 23 0.69
6 24 8.63
6 25 5.55
6 26 2.38
6 27 1.50
6 28 4.56
6 29 8.65
6 30 0.56
6 31 5.34
6 32 0.54
6 33 7.66
6 34 9.83
6 35 12.52
6 36 11.21
6 37 9.31
6 38 1.60
6 39 9.08
6 40 4.41
6 41 3.73
6 42 6.66
6 43 10.59
6 44 6.44
6 45 6.79
6 46 10.93
6 47 7.77
6 48 11.65
6 49 3.65
6 50 1.51
6 51 6.64
6 52 8.68
6 53 6.52
6 54 11.49
6 55 9.96
6 56 5.21
6 57 11.23
6 58 4.12
6 59 6.17
6 60 6.58
6 61 12.10
6 62 10.73
6 63 12.61
6 64 4.11
6 65 11.74
6 66 7.77
6 67 5.04
6 68 5.42
6 69 5.78
6 70 11.32
6 71 7.69
6 72 6.22
6 73 8.18
6 74 11.94
6 75 10.99
6 76 5.56
6 77 6.63
6 78 8.85
6 79 11.55
6 80 9.97
6 81 8.65
6 82 10.64
6 83 7.63
6 84 9.40
6 85 0.90
6 86 4.35
6 87 10.87
6 88 0.75
6 89 6.92
6 90 10.50
6 91 2.99
6 92 3.64
6 93 12.76
6 94 0.44
6 95 2.41
6 96 11.83
6 97 0.86
6 98 0.69
6 99 7.76
6 100 4.31
7 8 8.87
7 9 1.62
7 10 9.61
7 11 17.08
7 12 16.85
7 13 6.33
7 14 14.27
7 15 9.94
7 16 15.54
7 17 10.22
7 18 14.15
7 19 16.78
7 20 3.46
7 21 16.95
7 22 9.99
7 23 6.22
7 24 14.82
7 25 1.08
7 26 8.74
7 27 6.72
7 28 8.98
7 29 14.97
7 30 6.14
7 31 2.58
7 32 6.51
7 33 13.93
7 34 16.09
7 35 17.06
7 36 15.72
7 37 15.36
7 38 7.76
7 39 15.06
7 40 2.09
7 41 8.59
7 42 10.66
7 43 16.94
7 44 0.08
7 45 11.83
7 46 16.97
7 47 14.03
7 48 16.21
7 49 3.13
7 50 7.01
7 51 10.48
7 52 15.14
7 53 9.38
7 54 16.30
7 55 16.35
7 56 1.56
7 57 15.57
7 58 9.10
7 59 10.00
7 60 10.66
7 61 16.66
7 62 16.86
7 63 17.45
7 64 2.36
7 65 15.84
7 66 14.11
7 67 1.60
7 68 1.04
7 69 10.22
7 70 17.33
7 71 14.02
7 72 1.62
7 73 14.60
7 74 15.81
7 75 17.27
7 76 1.59
7 77 13.05
7 78 14.98
7 79 17.68
7 80 16.36
7 81 14.94
7 82 16.76
7 83 13.53
7 84 15.53
7 85 6.85
7 86 2.16
7 87 15.70
7 88 7.21
7 89 11.74
7 90 16.56
7 91 3.47
7 92 8.16
7 93 16.97
7 94 6.90
7 95 8.86
7 96 17.66
7 97 6.42
7 98 6.46
7 99 14.17
7 100 2.24
8 9 7.28
8 10 4.95
8 11 8.59
8 12 11.55
8 13 4.23
8 14 5.46
8 15 6.68
8 16 10.14
8 17 5.32
8 18 9.69
8 19 8.31
8 20 5.95
8 21 8.19
8 22 5.29
8 23 2.66
8 24 6.18
8 25 8.01
8 26 0.20
8 27 3.15
8 28 5.11
8 29 6.17
8 30 2.94
8 31 7.81
8 32 2.36
8 33 5.19
8 34 7.36
8 35 11.94
8 36 10.73
8 37 6.89
8 38 1.20
8 39 6.69
8 40 6.79
8 41 4.25
8 42 6.99
8 43 8.12
8 44 8.84
8 45 6.35
8 46 8.51
8 47 5.30
8 48 11.10
8 49 6.13
8 50 2.91
8 51 7.07
8 52 6.31
8 53 7.49
8 54 10.78
8 55 7.49
8 56 7.52
8 57 10.84
8 58 4.38
8 59 6.70
8 60 6.88
8 61 11.53
8 62 8.28
8 63 11.82
8 64 6.54
8 65 11.46
8 66 5.29
8 67 7.49
8 68 7.84
8 69 5.99
8 70 8.90
8 71 5.22
8 72 8.70
8 73 5.73
8 74 11.79
8 75 8.51
8 76 7.83
8 77 4.18
8 78 6.41
8 79 9.10
8 80 7.51
8 81 6.17
8 82 8.19
8 83 5.31
8 84 6.95
8 85 2.05
8 86 6.73
8 87 10.20
8 88 1.81
8 89 6.64
8 90 8.07
8 91 5.43
8 92 4.45
8 93 12.36
8 94 2.07
8 95 0.96
8 96 9.47
8 97 2.49
8 98 2.42
8 99 5.30
8 100 6.67
9 10 8.42
9 11 15.46
9 12 15.83
9 13 5.09
9 14 12.70
9 15 8.98
9 16 14.48
9 17 9.04
9 18 13.19
9 19 15.16
9 20 1.97
9 21 15.34
9 22 8.82
9 23 4.62
9 24 13.21
9 25 1.12
9 26 7.14
9 27 5.31
9 28 7.85
9 29 13.36
9 30 4.62
9 31 2.43
9 32 4.92
9 33 12.32
9 34 14.47
9 35 16.07
9 36 14.72
9 37 13.74
9 38 6.16
9 39 13.45
9 40 0.49
9 41 7.36
9 42 9.68
9 43 15.33
9 44 1.58
9 45 10.65
9 46 15.36
9 47 12.41
9 48 15.20
9 49 1.96
9 50 5.59
9 51 9.53
9 52 13.56
9 53 8.60
9 54 15.24
9 55 14.74
9 56 0.54
9 57 14.61
9 58 7.87
9 59 9.03
9 60 9.66
9 61 15.66
9 62 15.25
9 63 16.38
9 64 0.91
9 65 14.94
9 66 12.50
9 67 1.00
9 68 0.64
9 69 9.13
9 70 15.72
9 71 12.41
9 72 2.23
9 73 13.00
9 74 14.97
9 75 15.66
9 76 1.00
9 77 11.46
9 78 13.37
9 79 16.07
9 80 14.75
9 81 13.33
9 82 15.15
9 83 11.92
9 84 13.91
9 85 5.25
9 86 0.55
9 87 14.62
9 88 5.65
9 89 10.61
9 90 14.95
9 91 1.96
9 92 6.97
9 93 16.05
9 94 5.34
9 95 7.31
9 96 16.06
9 97 4.82
9 98 4.86
9 99 12.57
9 100 0.63
10 11 11.92
10 12 7.52
10 13 3.34
10 14 7.14
10 15 1.80
10 16 6.13
10 17 0.61
10 18 5.13
10 19 11.70
10 20 8.22
10 21 10.89
10 22 0.43
10 23 5.47
10 24 9.52
10 25 8.53
10 26 5.08
10 27 3.45
10 28 0.76
10 29 9.01
10 30 4.56
10 31 7.41
10 32 5.25
10 33 8.45
10 34 10.29
10 35 7.82
10 36 6.49
10 37 10.45
10 38 5.37
10 39 10.43
10 40 8.01
10 41 1.11
10 42 2.05
10 43 10.59
10 44 9.62
10 45 2.23
10 46 11.88
10 47 8.60
10 48 6.94
10 49 6.52
10 50 3.31
10 51 2.13
10 52 7.88
10 53 2.92
10 54 6.87
10 55 9.81
10 56 8.90
10 57 6.47
10 58 0.66
10 59 1.81
10 60 1.94
10 61 7.40
10 62 11.47
10 63 8.02
10 64 7.51
10 65 6.96
10 66 8.23
10 67 8.02
10 68 8.70
10 69 1.06
10 70 12.29
10 71 8.23
10 72 8.61
10 73 8.11
10 74 7.16
10 75 11.21
10 76 9.35
10 77 6.87
10 78 9.87
10 79 12.20
10 80 9.85
10 81 9.15
10 82 11.40
10 83 9.41
10 84 10.31
10 85 5.41
10 86 7.97
10 87 6.25
10 88 4.40
10 89 2.22
10 90 11.45
10 91 6.61
10 92 1.45
10 93 7.99
10 94 4.58
10 95 3.99
10 96 13.13
10 97 5.59
10 98 5.42
10 99 7.83
10 100 8.03
11 12 14.81
11 13 12.69
11 14 5.14
11 15 13.63
11 16 13.79
11 17 11.90
11 18 14.50
11 19 0.30
11 20 13.75
11 21 1.73
11 22 12.04
11 23 11.01
11 24 2.46
11 25 16.35
11 26 8.65
11 27 11.66
11 28 12.48
11 29 2.94
11 30 11.52
11 31 16.36
11 32 10.77
11 33 3.53
11 34 1.75
11 35 15.28
11 36 14.63
11 37 1.72
11 38 9.47
11 39 2.03
11 40 15.00
11 41 11.85
11 42 13.55
11 43 2.27
11 44 17.03
11 45 11.80
11 46 0.14
11 47 3.38
11 48 14.74
11 49 14.63
11 50 11.39
11 51 13.76
11 52 4.77
11 53 14.84
11 54 14.04
11 55 2.85
11 56 15.58
11 57 14.97
11 58 11.67
11 59 13.62
11 60 13.41
11 61 14.99
11 62 0.54
11 63 14.59
11 64 14.86
11 65 15.73
11 66 3.69
11 67 15.88
11 68 16.08
11 69 12.66
11 70 0.39
11 71 3.69
11 72 17.16
11 73 3.96
11 74 16.30
11 75 1.65
11 76 15.77
11 77 5.05
11 78 2.18
11 79 0.75
11 80 2.80
11 81 2.78
11 82 0.56
11 83 3.58
11 84 1.66
11 85 10.37
11 86 14.93
11 87 13.73
11 88 10.40
11 89 12.28
11 90 0.52
11 91 13.82
11 92 12.26
11 93 16.14
11 94 10.63
11 95 9.08
11 96 1.45
11 97 10.77
11 98 10.77
11 99 4.14
11 100 14.84
12 13 10.81
12 14 9.90
12 15 6.92
12 16 1.43
12 17 6.92
12 18 2.80
12 19 14.73
12 20 15.75
12 21 13.20
12 22 7.10
12 23 12.87
12 24 13.07
12 25 15.77
12 26 11.74
12 27 10.97
12 28 8.00
12 29 12.14
12 30 12.05
12 31 14.42
12 32 12.61
12 33 12.28
12 34 13.09
12 35 0.47
12 36 1.17
12 37 14.02
12 38 12.39
12 39 14.23
12 40 15.44
12 41 8.63
12 42 6.20
12 43 12.69
12 44 16.88
12 45 5.40
12 46 14.85
12 47 12.42
12 48 0.68
12 49 13.88
12 50 10.80
12 51 6.39
12 52 10.07
12 53 7.70
12 54 0.81
12 55 11.99
12 56 16.33
12 57 1.48
12 58 8.16
12 59 6.86
12 60 6.20
12 61 0.35
12 62 14.27
12 63 0.80
12 64 14.93
12 65 1.79
12 66 11.79
12 67 15.30
12 68 16.03
12 69 6.70
12 70 15.19
12 71 11.88
12 72 15.62
12 73 11.10
12 74 2.38
12 75 13.42
12 76 16.79
12 77 10.84
12 78 13.46
12 79 14.70
12 80 12.04
12 81 12.39
12 82 14.26
12 83 13.96
12 84 13.65
12 85 12.69
12 86 15.42
12 87 1.35
12 88 11.68
12 89 5.31
12 90 14.52
12 91 14.09
12 92 8.93
12 93 1.43
12 94 11.92
12 95 10.68
12 96 16.25
12 97 12.94
12 98 12.77
12 99 11.13
12 100 15.48
13 14 8.74
13 15 4.16
13 16 9.44
13 17 3.95
13 18 8.27
13 19 12.43
13 20 5.00
13 21 12.07
13 22 3.74
13 23 3.00
13 24 10.24
13 25 5.26
13 26 4.24
13 27 1.09
13 28 2.81
13 29 10.05
13 30 1.92
13 31 4.35
13 32 2.95
13 33 9.19
13 34 11.31
13 35 11.08
13 36 9.73
13 37 11.03
13 38 3.83
13 39 10.87
13 40 4.67
13 41 2.27
13 42 4.80
13 43 11.91
13 44 6.34
13 45 5.57
13 46 12.62
13 47 9.33
13 48 10.21
13 49 3.21
13 50 1.32
13 51 4.71
13 52 9.59
13 53 4.26
13 54 10.19
13 55 11.20
13 56 5.56
13 57 9.66
13 58 2.78
13 59 4.21
13 60 4.76
13 61 10.67
13 62 12.34
13 63 11.34
13 64 4.17
13 65 10.07
13 66 9.17
13 67 4.74
13 68 5.39
13 69 4.12
13 70 13.03
13 71 9.13
13 72 5.50
13 73 9.38
13 74 10.18
13 75 12.40
13 76 6.01
13 77 7.89
13 78 10.52
13 79 13.14
13 80 11.22
13 81 10.11
13 82 12.25
13 83 9.53
13 84 11.04
13 85 3.31
13 86 4.63
13 87 9.57
13 88 2.61
13 89 5.54
13 90 12.18
13 91 3.28
13 92 1.89
13 93 11.15
13 94 2.54
13 95 3.61
13 96 13.66
13 97 3.24
13 98 3.08
13 99 9.00
13 100 4.69
14 15 8.73
14 16 8.78
14 17 7.00
14 18 9.37
14 19 5.00
14 20 11.40
14 21 3.82
14 22 7.17
14 23 8.11
14 24 3.17
14 25 13.36
14 26 5.62
14 27 7.88
14 28 7.79
14 29 2.27
14 30 8.17
14 31 12.92
14 32 7.80
14 33 2.46
14 34 3.39
14 35 10.36
14 36 9.59
14 37 4.12
14 38 6.65
14 39 4.33
14 40 12.22
14 41 7.32
14 42 8.56
14 43 3.47
14 44 14.25
14 45 6.71
14 46 5.15
14 47 2.58
14 48 9.76
14 49 11.37
14 50 7.57
14 51 8.79
14 52 0.86
14 53 10.00
14 54 9.10
14 55 2.68
14 56 12.98
14 57 9.91
14 58 7.03
14 59 8.71
14 60 8.42
14 61 10.05
14 62 4.62
14 63 9.79
14 64 11.92
14 65 10.67
14 66 1.93
14 67 12.83
14 68 13.24
14 69 7.74
14 70 5.53
14 71 2.03
14 72 13.93
14 73 1.22
14 74 11.22
14 75 4.13
14 76 13.29
14 77 1.57
14 78 3.56
14 79 5.24
14 80 2.72
14 81 2.50
14 82 4.58
14 83 4.28
14 84 3.78
14 85 7.51
14 86 12.15
14 87 8.73
14 88 7.07
14 89 7.19
14 90 4.76
14 91 10.81
14 92 7.79
14 93 11.16
14 94 7.38
14 95 5.44
14 96 6.52
14 97 7.95
14 98 7.87
14 99 1.25
14 100 12.10
15 16 5.65
15 17 1.73
15 18 4.22
15 19 13.42
15 20 9.15
15 21 12.53
15 22 1.60
15 23 6.82
15 24 11.26
15 25 8.86
15 26 6.80
15 27 4.67
15 28 1.61
15 29 10.70
15 30 5.80
15 31 7.50
15 32 6.65
15 33 10.19
15 34 11.97
15 35 7.12
15 36 5.78
15 37 12.20
15 38 6.97
15 39 12.20
15 40 8.62
15 41 2.49
15 42 0.73
15 43 12.20
15 44 9.96
15 45 2.58
15 46 13.60
15 47 10.35
15 48 6.27
15 49 7.02
15 50 4.62
15 51 0.56
15 52 9.42
15 53 1.34
15 54 6.41
15 55 11.41
15 56 9.49
15 57 5.64
15 58 2.30
15 59 0.06
15 60 0.75
15 61 6.73
15 62 13.17
15 63 7.54
15 64 8.09
15 65 5.97
15 66 9.95
15 67 8.39
15 68 9.13
15 69 0.99
15 70 14.01
15 71 9.96
15 72 8.71
15 73 9.76
15 74 6.03
15 75 12.84
15 76 9.96
15 77 8.60
15 78 11.62
15 79 13.88
15 80 11.45
15 81 10.85
15 82 13.11
15 83 11.21
15 84 12.04
15 85 6.88
15 86 8.60
15 87 5.81
15 88 5.89
15 89 2.23
15 90 13.17
15 91 7.36
15 92 2.49
15 93 7.08
15 94 6.02
15 95 5.73
15 96 14.87
15 97 6.99
15 98 6.81
15 99 9.51
15 100 8.68
16 17 5.52
16 18 1.84
16 19 13.69
16 20 14.35
16 21 12.23
16 22 5.71
16 23 11.45
16 24 11.93
16 25 14.46
16 26 10.33
16 27 9.56
16 28 6.63
16 29 11.04
16 30 10.63
16 31 13.15
16 32 11.19
16 33 11.09
16 34 12.05
16 35 1.80
16 36 0.84
16 37 12.89
16 38 10.96
16 39 13.09
16 40 14.08
16 41 7.23
16 42 4.92
16 43 11.74
16 44 15.56
16 45 3.98
16 46 13.82
16 47 11.24
16 48 1.01
16 49 12.54
16 50 9.38
16 51 5.14
16 52 9.03
16 53 6.54
16 54 0.76
16 55 11.01
16 56 14.97
16 57 1.25
16 58 6.75
16 59 5.59
16 60 4.91
16 61 1.40
16 62 13.26
16 63 1.91
16 64 13.57
16 65 1.99
16 66 10.63
16 67 13.97
16 68 14.70
16 69 5.35
16 70 14.18
16 71 10.70
16 72 14.35
16 73 9.99
16 74 2.62
16 75 12.47
16 76 15.43
16 77 9.61
16 78 12.33
16 79 13.73
16 80 11.06
16 81 11.28
16 82 13.23
16 83 12.72
16 84 12.55
16 85 11.26
16 86 14.05
16 87 0.20
16 88 10.25
16 89 3.90
16 90 13.47
16 91 12.72
16 92 7.54
16 93 2.40
16 94 10.50
16 95 9.26
16 96 15.22
16 97 11.52
16 98 11.35
16 99 9.98
16 100 14.12
17 18 4.58
17 19 11.69
17 20 8.83
17 21 10.80
17 22 0.25
17 23 6.03
17 24 9.53
17 25 9.13
17 26 5.47
17 27 4.05
17 28 1.27
17 29 8.97
17 30 5.14
17 31 7.99
17 32 5.80
17 33 8.47
17 34 10.24
17 35 7.22
17 36 5.90
17 37 10.48
17 38 5.83
17 39 10.49
17 40 8.62
17 41 1.71
17 42 1.75
17 43 10.47
17 44 10.23
17 45 1.62
17 46 11.87
17 47 8.63
17 48 6.35
17 49 7.13
17 50 3.89
17 51 1.91
17 52 7.71
17 53 3.01
17 54 6.26
17 55 9.69
17 56 9.51
17 57 5.89
17 58 1.24
17 59 1.72
17 60 1.62
17 61 6.80
17 62 11.44
17 63 7.40
17 64 8.13
17 65 6.40
17 66 8.22
17 67 8.62
17 68 9.31
17 69 0.77
17 70 12.28
17 71 8.23
17 72 9.19
17 73 8.03
17 74 6.63
17 75 11.11
17 76 9.96
17 77 6.88
17 78 9.89
17 79 12.14
17 80 9.73
17 81 9.12
17 82 11.37
17 83 9.55
17 84 10.32
17 85 5.94
17 86 8.59
17 87 5.64
17 88 4.92
17 89 1.62
17 90 11.44
17 91 7.22
17 92 2.06
17 93 7.42
17 94 5.12
17 95 4.36
17 96 13.14
17 97 6.14
17 98 5.96
17 99 7.78
17 100 8.64
18 19 14.37
18 20 13.26
18 21 13.04
18 22 4.71
18 23 10.60
18 24 12.44
18 25 13.07
18 26 9.86
18 27 8.57
18 28 5.48
18 29 11.63
18 30 9.69
18 31 11.68
18 32 10.37
18 33 11.51
18 34 12.75
18 35 2.93
18 36 1.62
18 37 13.42
18 38 10.35
18 39 13.56
18 40 12.83
18 41 6.21
18 42 3.51
18 43 12.59
18 44 14.17
18 45 3.34
18 46 14.51
18 47 11.67
18 48 2.12
18 49 11.23
18 50 8.44
18 51 3.67
18 52 9.77
18 53 4.91
18 54 2.49
18 55 11.82
18 56 13.70
18 57 1.42
18 58 5.79
18 59 4.16
18 60 3.53
18 61 2.55
18 62 13.98
18 63 3.51
18 64 12.30
18 65 1.83
18 66 11.10
18 67 12.61
18 68 13.35
18 69 4.18
18 70 14.89
18 71 11.16
18 72 12.87
18 73 10.58
18 74 2.10
18 75 13.31
18 76 14.17
18 77 9.94
18 78 12.84
18 79 14.53
18 80 11.87
18 81 11.85
18 82 13.94
18 83 12.99
18 84 13.13
18 85 10.51
18 86 12.80
18 87 2.03
18 88 9.49
18 89 3.06
18 90 14.13
18 91 11.53
18 92 6.43
18 93 2.88
18 94 9.70
18 95 8.76
18 96 15.90
18 97 10.71
18 98 10.54
18 99 10.50
18 100 12.88
19 20 13.44
19 21 1.78
19 22 11.83
19 23 10.72
19 24 2.21
19 25 16.06
19 26 8.37
19 27 11.39
19 28 12.25
19 29 2.77
19 30 11.24
19 31 16.07
19 32 10.48
19 33 3.29
19 34 1.64
19 35 15.20
19 36 14.53
19 37 1.43
19 38 9.18
19 39 1.73
19 40 14.71
19 41 11.61
19 42 13.36
19 43 2.31
19 44 16.73
19 45 11.63
19 46 0.20
19 47 3.14
19 48 14.65
19 49 14.34
19 50 11.12
19 51 13.57
19 52 4.67
19 53 14.62
19 54 13.96
19 55 2.82
19 56 15.28
19 57 14.87
19 58 11.45
19 59 13.41
19 60 13.22
19 61 14.91
19 62 0.56
19 63 14.53
19 64 14.57
19 65 15.62
19 66 3.48
19 67 15.58
19 68 15.78
19 69 12.46
19 70 0.60
19 71 3.47
19 72 16.87
19 73 3.80
19 74 16.19
19 75 1.76
19 76 15.47
19 77 4.83
19 78 1.91
19 79 1.03
19 80 2.77
19 81 2.58
19 82 0.52
19 83 3.27
19 84 1.41
19 85 10.08
19 86 14.64
19 87 13.63
19 88 10.12
19 89 12.10
19 90 0.25
19 91 13.53
19 92 12.02
19 93 16.05
19 94 10.35
19 95 8.81
19 96 1.53
19 97 10.47
19 98 10.48
19 99 3.95
19 100 14.54
20 21 13.75
20 22 8.65
20 23 3.38
20 24 11.57
20 25 3.08
20 26 5.79
20 27 4.81
20 28 7.79
20 29 11.82
20 30 3.82
20 31 4.07
20 32 3.70
20 33 10.74
20 34 12.87
20 35 16.04
20 36 14.70
20 37 12.04
20 38 4.76
20 39 11.72
20 40 1.68
20 41 7.12
20 42 9.80
20 43 13.78
20 44 3.40
20 45 10.40
20 46 13.64
20 47 10.82
20 48 15.16
20 49 2.76
20 50 5.02
20 51 9.70
20 52 12.25
20 53 9.06
20 54 15.09
20 55 13.24
20 56 1.90
20 57 14.65
20 58 7.60
20 59 9.20
20 60 9.76
20 61 15.62
20 62 13.57
20 63 16.23
20 64 1.95
20 65 15.07
20 66 10.98
20 67 2.82
20 68 2.60
20 69 9.09
20 70 13.98
20 71 10.89
20 72 4.17
20 73 11.56
20 74 15.18
20 75 14.06
20 76 2.03
20 77 10.05
20 78 11.70
20 79 14.38
20 80 13.25
20 81 11.76
20 82 13.46
20 83 10.17
20 84 12.24
20 85 3.92
20 86 1.62
20 87 14.47
20 88 4.60
20 89 10.45
20 90 13.24
20 91 1.92
20 92 6.84
20 93 16.15
20 94 4.28
20 95 6.20
20 96 14.27
20 97 3.49
20 98 3.59
20 99 11.12
20 100 1.45
21 22 10.96
21 23 10.76
21 24 2.22
21 25 16.15
21 26 8.28
21 27 11.10
21 28 11.51
21 29 2.03
21 30 11.12
21 31 15.98
21 32 10.49
21 33 3.02
21 34 0.90
21 35 13.66
21 36 13.07
21 37 2.20
21 38 9.21
21 39 2.65
21 40 14.86
21 41 10.96
21 42 12.38
21 43 0.55
21 44 16.91
21 45 10.52
21 46 1.81
21 47 2.93
21 48 13.16
21 49 14.31
21 50 10.80
21 51 12.61
21 52 3.28
21 53 13.79
21 54 12.44
21 55 1.22
21 56 15.51
21 57 13.43
21 58 10.72
21 59 12.51
21 60 12.24
21 61 13.40
21 62 1.22
21 63 12.95
21 64 14.66
21 65 14.19
21 66 2.91
21 67 15.65
21 68 15.93
21 69 11.54
21 70 2.06
21 71 2.97
21 72 16.88
21 73 2.78
21 74 14.78
21 75 0.33
21 76 15.75
21 77 4.19
21 78 2.21
21 79 1.50
21 80 1.17
21 81 2.02
21 82 1.26
21 83 3.94
21 84 1.77
21 85 10.12
21 86 14.80
21 87 12.15
21 88 9.98
21 89 11.00
21 90 1.67
21 91 13.58
21 92 11.40
21 93 14.55
21 94 10.25
21 95 8.51
21 96 3.15
21 97 10.54
21 98 10.52
21 99 3.10
21 100 14.72
22 23 5.90
22 24 9.66
22 25 8.90
22 26 5.44
22 27 3.88
22 28 1.03
22 29 9.11
22 30 4.99
22 31 7.75
22 32 5.67
22 33 8.59
22 34 10.39
22 35 7.39
22 36 6.06
22 37 10.60
22 38 5.76
22 39 10.60
22 40 8.41
22 41 1.53
22 42 1.71
22 43 10.64
22 44 10.00
22 45 1.84
22 46 12.01
22 47 8.75
22 48 6.52
22 49 6.91
22 50 3.74
22 51 1.84
22 52 7.89
22 53 2.83
22 54 6.45
22 55 9.86
22 56 9.30
22 57 6.04
22 58 1.08
22 59 1.59
22 60 1.59
22 61 6.98
22 62 11.58
22 63 7.60
22 64 7.91
22 65 6.53
22 66 8.35
22 67 8.40
22 68 9.09
22 69 0.71
22 70 12.42
22 71 8.36
22 72 8.95
22 73 8.19
22 74 6.74
22 75 11.28
22 76 9.75
22 77 7.00
22 78 10.02
22 79 12.29
22 80 9.90
22 81 9.26
22 82 11.51
22 83 9.63
22 84 10.45
22 85 5.83
22 86 8.38
22 87 5.84
22 88 4.81
22 89 1.80
22 90 11.58
22 91 7.02
22 92 1.85
22 93 7.56
22 94 5.00
22 95 4.33
22 96 13.27
22 97 6.01
22 98 5.84
22 99 7.93
22 100 8.43
23 24 8.67
23 25 5.39
23 26 2.52
23 27 2.17
23 28 5.26
23 29 8.77
23 30 1.09
23 31 5.38
23 32 0.32
23 33 7.74
23 34 9.91
23 35 13.20
23 36 11.90
23 37 9.29
23 38 1.56
23 39 9.03
23 40 4.14
23 41 4.43
23 42 7.35
23 43 10.73
23 44 6.19
23 45 7.47
23 46 10.92
23 47 7.84
23 48 12.33
23 49 3.63
23 50 2.20
23 51 7.33
23 52 8.96
23 53 7.17
23 54 12.16
23 55 10.13
23 56 4.87
23 57 11.91
23 58 4.82
23 59 6.86
23 60 7.28
23 61 12.78
23 62 10.75
23 63 13.27
23 64 3.90
23 65 12.43
23 66 7.90
23 67 4.89
23 68 5.19
23 69 6.48
23 70 11.30
23 71 7.81
23 72 6.15
23 73 8.38
23 74 12.63
23 75 11.08
23 76 5.19
23 77 6.84
23 78 8.87
23 79 11.57
23 80 10.14
23 81 8.75
23 82 10.66
23 83 7.55
23 84 9.41
23 85 0.64
23 86 4.07
23 87 11.55
23 88 1.26
23 89 7.61
23 90 10.49
23 91 2.82
23 92 4.33
23 93 13.45
23 94 0.97
23 95 2.82
23 96 11.75
23 97 0.28
23 98 0.24
23 99 7.95
23 100 4.01
24 25 14.05
24 26 6.25
24 27 9.22
24 28 10.05
24 29 1.01
24 30 9.12
24 31 13.98
24 32 8.42
24 33 1.08
24 34 1.32
24 35 13.53
24 36 12.75
24 37 0.98
24 38 7.12
24 39 1.17
24 40 12.74
24 41 9.41
24 42 11.22
24 43 2.40
24 44 14.78
24 45 9.56
24 46 2.40
24 47 0.93
24 48 12.92
24 49 12.27
24 50 8.94
24 51 11.42
24 52 3.15
24 53 12.44
24 54 12.27
24 55 2.21
24 56 13.36
24 57 13.06
24 58 9.25
24 59 11.25
24 60 11.08
24 61 13.22
24 62 2.11
24 63 12.95
24 64 12.56
24 65 13.81
24 66 1.35
24 67 13.56
24 68 13.81
24 69 10.30
24 70 2.81
24 71 1.31
24 72 14.82
24 73 1.98
24 74 14.35
24 75 2.51
24 76 13.58
24 77 2.66
24 78 0.39
24 79 2.92
24 80 2.19
24 81 0.75
24 82 2.02
24 83 1.81
24 84 0.81
24 85 8.03
24 86 12.67
24 87 11.89
24 88 7.99
24 89 10.03
24 90 1.96
24 91 11.50
24 92 9.81
24 93 14.32
24 94 8.24
24 95 6.63
24 96 3.61
24 97 8.44
24 98 8.43
24 99 1.96
24 100 12.58
25 26 7.89
25 27 5.70
25 28 7.90
25 29 14.15
25 30 5.19
25 31 1.63
25 32 5.66
25 33 13.13
25 34 15.29
25 35 15.98
25 36 14.64
25 37 14.63
25 38 6.94
25 39 14.35
25 40 1.44
25 41 7.51
25 42 9.58
25 43 16.11
25 44 1.10
25 45 10.75
25 46 16.25
25 47 13.23
25 48 15.13
25 49 2.08
25 50 6.00
25 51 9.40
25 52 14.22
25 53 8.33
25 54 15.22
25 55 15.50
25 56 1.44
25 57 14.49
25 58 8.02
25 59 8.92
25 60 9.58
25 61 15.58
25 62 16.12
25 63 16.37
25 64 1.49
25 65 14.78
25 66 13.28
25 67 0.54
25 68 0.58
25 69 9.14
25 70 16.62
25 71 13.20
25 72 1.12
25 73 13.73
25 74 14.75
25 75 16.47
25 76 1.76
25 77 12.18
25 78 14.23
25 79 16.94
25 80 15.51
25 81 14.13
25 82 16.02
25 83 12.83
25 84 14.78
25 85 6.03
25 86 1.51
25 87 14.61
25 88 6.29
25 89 10.66
25 90 15.84
25 91 2.57
25 92 7.08
25 93 15.90
25 94 5.99
25 95 7.92
25 96 17.00
25 97 5.61
25 98 5.63
25 99 13.30
25 100 1.65
26 27 3.15
26 28 5.23
26 29 6.27
26 30 2.87
26 31 7.73
26 32 2.23
26 33 5.27
26 34 7.44
26 35 12.13
26 36 10.91
26 37 6.94
26 38 1.03
26 39 6.74
26 40 6.66
26 41 4.35
26 42 7.13
26 43 8.22
26 44 8.71
26 45 6.53
26 46 8.57
26 47 5.39
26 48 11.29
26 49 6.03
26 50 2.93
26 51 7.21
26 52 6.47
26 53 7.58
26 54 10.97
26 55 7.61
26 56 7.38
26 57 11.02
26 58 4.51
26 59 6.82
26 60 7.02
26 61 11.72
26 62 8.35
26 63 12.02
26 64 6.41
26 65 11.64
26 66 5.40
26 67 7.38
26 68 7.71
26 69 6.13
26 70 8.96
26 71 5.32
26 72 8.60
26 73 5.86
26 74 11.96
26 75 8.61
26 76 7.68
26 77 4.32
26 78 6.48
26 79 9.17
26 80 7.63
26 81 6.27
26 82 8.26
26 83 5.33
26 84 7.02
26 85 1.90
26 86 6.59
26 87 10.39
26 88 1.75
26 89 6.81
26 90 8.13
26 91 5.32
26 92 4.54
26 93 12.54
26 94 1.99
26 95 1.11
26 96 9.51
26 97 2.34
26 98 2.28
26 99 5.43
26 100 6.53
27 28 3.13
27 29 9.07
27 30 1.13
27 31 5.05
27 32 2.03
27 33 8.18
27 34 10.32
27 35 11.27
27 36 9.94
27 37 9.99
27 38 2.77
27 39 9.82
27 40 4.85
27 41 2.36
27 42 5.23
27 43 10.95
27 44 6.71
27 45 5.59
27 46 11.59
27 47 8.31
27 48 10.39
27 49 3.63
27 50 0.31
27 51 5.19
27 52 8.74
27 53 5.02
27 54 10.29
27 55 10.26
27 56 5.73
27 57 9.92
27 58 2.81
27 59 4.71
27 60 5.16
27 61 10.85
27 62 11.32
27 63 11.43
27 64 4.42
27 65 10.39
27 66 8.19
27 67 5.16
27 68 5.72
27 69 4.40
27 70 11.99
27 71 8.14
27 72 6.11
27 73 8.45
27 74 10.56
27 75 11.43
27 76 6.14
27 77 6.93
27 78 9.49
27 79 12.13
27 80 10.29
27 81 9.11
27 82 11.24
27 83 8.46
27 84 10.01
27 85 2.34
27 86 4.80
27 87 9.68
27 88 1.54
27 89 5.66
27 90 11.15
27 91 3.38
27 92 2.19
27 93 11.44
27 94 1.52
27 95 2.60
27 96 12.61
27 97 2.36
27 98 2.19
27 99 8.06
27 100 4.82
28 29 9.60
28 30 4.27
28 31 6.72
28 32 5.07
28 33 8.98
28 34 10.88
28 35 8.27
28 36 6.92
28 37 10.97
28 38 5.37
28 39 10.93
28 40 7.45
28 41 0.89
28 42 2.10
28 43 11.22
28 44 9.00
28 45 2.86
28 46 12.44
28 47 9.13
28 48 7.39
28 49 5.92
28 50 3.05
28 51 2.09
28 52 8.56
28 53 2.44
28 54 7.39
28 55 10.45
28 56 8.34
28 57 6.86
28 58 0.81
28 59 1.64
28 60 2.03
28 61 7.85
28 62 12.04
28 63 8.53
28 64 6.94
28 65 7.29
28 66 8.79
28 67 7.39
28 68 8.10
28 69 1.30
28 70 12.85
28 71 8.79
28 72 7.93
28 73 8.72
28 74 7.44
28 75 11.83
28 76 8.80
28 77 7.43
28 78 10.40
28 79 12.78
28 80 10.49
28 81 9.72
28 82 11.97
28 83 9.84
28 84 10.86
28 85 5.29
28 86 7.42
28 87 6.77
28 88 4.29
28 89 2.76
28 90 12.00
28 91 6.09
28 92 0.96
28 93 8.36
28 94 4.43
28 95 4.17
28 96 13.65
28 97 5.41
28 98 5.23
28 99 8.43
28 100 7.49
29 30 9.10
29 31 13.96
29 32 8.49
29 33 1.10
29 34 1.29
29 35 12.61
29 36 11.86
29 37 1.88
29 38 7.21
29 39 2.16
29 40 12.88
29 41 9.01
29 42 10.61
29 43 1.96
29 44 14.94
29 45 8.86
29 46 2.93
29 47 1.07
29 48 12.01
29 49 12.30
29 50 8.78
29 51 10.82
29 52 2.15
29 53 11.93
29 54 11.35
29 55 1.48
29 56 13.55
29 57 12.18
29 58 8.80
29 59 10.69
29 60 10.47
29 61 12.30
29 62 2.47
29 63 12.00
29 64 12.67
29 65 12.94
29 66 0.88
29 67 13.65
29 68 13.95
29 69 9.73
29 70 3.33
29 71 0.95
29 72 14.86
29 73 1.05
29 74 13.49
29 75 2.36
29 76 13.81
29 77 2.19
29 78 1.37
29 79 3.19
29 80 1.48
29 81 0.27
29 82 2.41
29 83 2.66
29 84 1.52
29 85 8.13
29 86 12.82
29 87 10.99
29 88 7.96
29 89 9.34
29 90 2.53
29 91 11.58
29 92 9.44
29 93 13.42
29 94 8.23
29 95 6.48
29 96 4.28
29 97 8.55
29 98 8.52
29 99 1.19
29 100 12.74
30 31 4.87
30 32 1.05
30 33 8.13
30 34 10.29
30 35 12.36
30 36 11.04
30 37 9.81
30 38 2.15
30 39 9.60
30 40 4.14
30 41 3.48
30 42 6.36
30 43 11.03
30 44 6.12
30 45 6.65
30 46 11.44
30 47 8.25
30 48 11.49
30 49 3.22
30 50 1.25
30 51 6.33
30 52 9.03
30 53 6.10
30 54 11.36
30 55 10.38
30 56 4.97
30 57 11.03
30 58 3.91
30 59 5.84
30 60 6.29
30 61 11.94
30 62 11.22
30 63 12.49
30 64 3.78
30 65 11.51
30 66 8.21
30 67 4.66
30 68 5.11
30 69 5.52
30 70 11.83
30 71 8.15
30 72 5.79
30 73 8.59
30 74 11.69
30 75 11.45
30 76 5.35
30 77 7.05
30 78 9.35
30 79 12.04
30 80 10.40
30 81 9.11
30 82 11.13
30 83 8.16
30 84 9.89
30 85 1.45
30 86 4.08
30 87 10.74
30 88 1.14
30 89 6.75
30 90 11.00
30 91 2.67
30 92 3.32
30 93 12.55
30 94 0.88
30 95 2.73
30 96 12.36
30 97 1.32
30 98 1.17
30 99 8.18
30 100 4.06
31 32 5.60
31 33 12.99
31 34 15.16
31 35 14.61
31 36 13.27
31 37 14.64
31 38 6.89
31 39 14.40
31 40 2.46
31 41 6.48
31 42 8.23
31 43 15.89
31 44 2.62
31 45 9.58
31 46 16.27
31 47 13.11
31 48 13.77
31 49 1.76
31 50 5.36
31 51 8.03
31 52 13.78
31 53 6.85
31 54 13.91
31 55 15.23
31 56 2.91
31 57 13.10
31 58 6.98
31 59 7.56
31 60 8.24
31 61 14.22
31 62 16.08
31 63 15.05
31 64 2.13
31 65 13.34
31 66 13.08
31 67 1.44
31 68 2.14
31 69 7.89
31 70 16.66
31 71 13.01
31 72 1.21
31 73 13.43
31 74 13.28
31 75 16.31
31 76 3.31
31 77 11.89
31 78 14.20
31 79 16.89
31 80 15.25
31 81 13.97
31 82 15.98
31 83 12.93
31 84 14.74
31 85 6.02
31 86 2.51
31 87 13.31
31 88 6.00
31 89 9.44
31 90 15.84
31 91 2.75
31 92 6.01
31 93 14.47
31 94 5.74
31 95 7.53
31 96 17.13
31 97 5.65
31 98 5.61
31 99 13.02
31 100 2.68
32 33 7.47
32 34 9.64
32 35 12.95
32 36 11.65
32 37 9.05
32 38 1.30
32 39 8.80
32 40 4.43
32 41 4.22
32 42 7.16
32 43 10.45
32 44 6.48
32 45 7.21
32 46 10.68
32 47 7.58
32 48 12.08
32 49 3.87
32 50 2.03
32 51 7.15
32 52 8.65
32 53 7.06
32 54 11.89
32 55 9.84
32 56 5.18
32 57 11.67
32 58 4.60
32 59 6.69
32 60 7.08
32 61 12.53
32 62 10.50
32 63 13.00
32 64 4.19
32 65 12.20
32 66 7.62
32 67 5.16
32 68 5.48
32 69 6.27
32 70 11.06
32 71 7.54
32 72 6.40
32 73 8.08
32 74 12.42
32 75 10.81
32 76 5.50
32 77 6.54
32 78 8.62
32 79 11.32
32 80 9.85
32 81 8.47
32 82 10.41
32 83 7.33
32 84 9.16
32 85 0.43
32 86 4.37
32 87 11.29
32 88 0.96
32 89 7.37
32 90 10.25
32 91 3.09
32 92 4.16
32 93 13.21
32 94 0.69
32 95 2.50
32 96 11.53
32 97 0.34
32 98 0.16
32 99 7.65
32 100 4.31
33 34 2.17
33 35 12.73
33 36 11.89
33 37 2.01
33 38 6.19
33 39 2.06
33 40 11.84
33 41 8.33
33 42 10.17
33 43 3.04
33 44 13.89
33 45 8.56
33 46 3.48
33 47 0.16
33 48 12.09
33 49 11.31
33 50 7.90
33 51 10.37
33 52 2.71
33 53 11.36
33 54 11.47
33 55 2.58
33 56 12.50
33 57 12.18
33 58 8.17
33 59 10.19
33 60 10.03
33 61 12.40
33 62 3.15
33 63 12.21
33 64 11.64
33 65 12.93
33 66 0.55
33 67 12.63
33 68 12.91
33 69 9.24
33 70 3.89
33 71 0.43
33 72 13.87
33 73 1.46
33 74 13.45
33 75 3.34
33 76 12.74
33 77 1.61
33 78 1.42
33 79 3.95
33 80 2.58
33 81 1.02
33 82 3.07
33 83 1.85
33 84 1.88
33 85 7.10
33 86 11.77
33 87 11.06
33 88 6.99
33 89 9.02
33 90 3.04
33 91 10.56
33 92 8.73
33 93 13.49
33 94 7.25
33 95 5.59
33 96 4.68
33 97 7.52
33 98 7.50
33 99 1.22
33 100 11.69
34 35 13.56
34 36 12.88
34 37 1.45
34 38 8.35
34 39 1.89
34 40 14.00
34 41 10.29
34 42 11.86
34 43 1.14
34 44 16.05
34 45 10.08
34 46 1.77
34 47 2.06
34 48 13.01
34 49 13.48
34 50 10.03
34 51 12.08
34 52 3.03
34 53 13.20
34 54 12.31
34 55 1.29
34 56 14.64
34 57 13.23
34 58 10.09
34 59 11.96
34 60 11.73
34 61 13.27
34 62 1.23
34 63 12.89
34 64 13.81
34 65 13.99
34 66 2.14
34 67 14.80
34 68 15.07
34 69 11.00
34 70 2.14
34 71 2.18
34 72 16.04
34 73 2.23
34 74 14.55
34 75 1.19
34 76 14.87
34 77 3.48
34 78 1.34
34 79 1.91
34 80 1.24
34 81 1.20
34 82 1.19
34 83 3.07
34 84 0.98
34 85 9.26
34 86 13.93
34 87 11.99
34 88 9.16
34 89 10.56
34 90 1.43
34 91 12.73
34 92 10.72
34 93 14.41
34 94 9.42
34 95 7.72
34 96 3.17
34 97 9.68
34 98 9.67
34 99 2.46
34 100 13.85
35 36 1.35
35 37 14.48
35 38 12.75
35 39 14.70
35 40 15.69
35 41 8.92
35 42 6.41
35 43 13.15
35 44 17.09
35 45 5.74
35 46 15.32
35 47 12.88
35 48 0.87
35 49 14.11
35 50 11.11
35 51 6.58
35 52 10.54
35 53 7.83
35 54 1.27
35 55 12.46
35 56 16.57
35 57 1.53
35 58 8.46
35 59 7.06
35 60 6.41
35 61 0.42
35 62 14.74
35 63 1.03
35 64 15.17
35 65 1.63
35 66 12.25
35 67 15.51
35 68 16.25
35 69 6.96
35 70 15.66
35 71 12.34
35 72 15.80
35 73 11.57
35 74 2.16
35 75 13.88
35 76 17.03
35 77 11.30
35 78 13.92
35 79 15.16
35 80 12.51
35 81 12.85
35 82 14.72
35 83 14.41
35 84 14.12
35 85 13.03
35 86 15.66
35 87 1.76
35 88 12.02
35 89 5.61
35 90 14.99
35 91 14.36
35 92 9.20
35 93 1.02
35 94 12.26
35 95 11.06
35 96 16.72
35 97 13.28
35 98 13.11
35 99 11.59
35 100 15.73
36 37 13.71
36 38 11.50
36 39 13.90
36 40 14.34
36 41 7.59
36 42 5.06
36 43 12.58
36 44 15.74
36 45 4.45
36 46 14.65
36 47 12.04
36 48 0.50
36 49 12.77
36 50 9.78
36 51 5.24
36 52 9.86
36 53 6.53
36 54 1.04
36 55 11.85
36 56 15.22
36 57 0.46
36 58 7.13
36 59 5.72
36 60 5.07
36 61 0.95
36 62 14.09
36 63 1.91
36 64 13.82
36 65 1.15
36 66 11.43
36 67 14.17
36 68 14.91
36 69 5.62
36 70 15.01
36 71 11.51
36 72 14.47
36 73 10.81
36 74 1.79
36 75 13.31
36 76 15.69
36 77 10.39
36 78 13.14
36 79 14.57
36 80 11.90
36 81 12.10
36 82 14.07
36 83 13.50
36 84 13.38
36 85 11.75
36 86 14.32
36 87 0.95
36 88 10.73
36 89 4.29
36 90 14.30
36 91 13.01
36 92 7.86
36 93 1.66
36 94 10.96
36 95 9.83
36 96 16.05
36 97 11.99
36 98 11.81
36 99 10.79
36 100 14.39
37 38 7.75
37 39 0.45
37 40 13.28
37 41 10.30
37 42 12.17
37 43 2.57
37 44 15.31
37 45 10.54
37 46 1.63
37 47 1.85
37 48 13.88
37 49 12.91
37 50 9.72
37 51 12.37
37 52 4.02
37 53 13.36
37 54 13.22
37 55 2.68
37 56 13.87
37 57 14.02
37 58 10.16
37 59 12.19
37 60 12.04
37 61 14.17
37 62 1.55
37 63 13.88
37 64 13.14
37 65 14.78
37 66 2.33
37 67 14.16
37 68 14.36
37 69 11.25
37 70 2.02
37 71 2.29
37 72 15.44
37 73 2.91
37 74 15.32
37 75 2.39
37 76 14.06
37 77 3.61
37 78 0.59
37 79 2.34
37 80 2.64
37 81 1.63
37 82 1.44
37 83 1.90
37 84 0.48
37 85 8.65
37 86 13.21
37 87 12.85
37 88 8.69
37 89 11.01
37 90 1.21
37 91 12.10
37 92 10.69
37 93 15.28
37 94 8.93
37 95 7.42
37 96 2.69
37 97 9.04
37 98 9.05
37 99 2.93
37 100 13.12
38 39 7.51
38 40 5.68
38 41 4.48
38 42 7.39
38 43 9.17
38 44 7.73
38 45 7.06
38 46 9.38
38 47 6.29
38 48 11.90
38 49 5.16
38 50 2.62
38 51 7.43
38 52 7.49
38 53 7.60
38 54 11.63
38 55 8.58
38 56 6.38
38 57 11.58
38 58 4.74
38 59 7.01
38 60 7.29
38 61 12.34
38 62 9.20
38 63 12.71
38 64 5.46
38 65 12.16
38 66 6.35
38 67 6.45
38 68 6.74
38 69 6.42
38 70 9.76
38 71 6.26
38 72 7.70
38 73 6.85
38 74 12.44
38 75 9.53
38 76 6.67
38 77 5.32
38 78 7.32
38 79 10.02
38 80 8.60
38 81 7.19
38 82 9.11
38 83 6.04
38 84 7.86
38 85 0.91
38 86 5.61
38 87 11.04
38 88 1.22
38 89 7.30
38 90 8.95
38 91 4.38
38 92 4.56
38 93 13.11
38 94 1.31
38 95 1.75
38 96 10.25
38 97 1.34
38 98 1.31
38 99 6.42
38 100 5.54
39 40 12.99
39 41 10.23
39 42 12.20
39 43 3.02
39 44 15.01
39 45 10.62
39 46 1.92
39 47 1.90
39 48 14.08
39 49 12.67
39 50 9.55
39 51 12.39
39 52 4.31
39 53 13.34
39 54 13.44
39 55 3.10
39 56 13.56
39 57 14.20
39 58 10.11
39 59 12.19
39 60 12.06
39 61 14.38
39 62 1.94
39 63 14.12
39 64 12.86
39 65 14.95
39 66 2.47
39 67 13.88
39 68 14.07
39 69 11.26
39 70 2.27
39 71 2.40
39 72 15.18
39 73 3.15
39 74 15.48
39 75 2.84
39 76 13.74
39 77 3.67
39 78 0.80
39 79 2.70
39 80 3.06
39 81 1.90
39 82 1.83
39 83 1.54
39 84 0.92
39 85 8.40
39 86 12.92
39 87 13.05
39 88 8.49
39 89 11.08
39 90 1.54
39 91 11.83
39 92 10.60
39 93 15.48
39 94 8.71
39 95 7.27
39 96 2.79
39 97 8.79
39 98 8.80
39 99 3.11
39 100 12.82
40 41 6.93
40 42 9.32
40 43 14.85
40 44 2.05
40 45 10.23
40 46 14.90
40 47 11.94
40 48 14.82
40 49 1.63
40 50 5.12
40 51 9.17
40 52 13.07
40 53 8.30
40 54 14.84
40 55 14.26
40 56 0.89
40 57 14.24
40 58 7.44
40 59 8.68
40 60 9.29
40 61 15.28
40 62 14.79
40 63 15.99
40 64 0.53
40 65 14.59
40 66 12.02
40 67 1.14
40 68 1.07
40 69 8.74
40 70 15.27
40 71 11.94
40 72 2.49
40 73 12.52
40 74 14.63
40 75 15.18
40 76 1.35
40 77 10.97
40 78 12.90
40 79 15.60
40 80 14.27
40 81 12.85
40 82 14.69
40 83 11.46
40 84 13.45
40 85 4.77
40 86 0.07
40 87 14.22
40 88 5.16
40 89 10.20
40 90 14.49
40 91 1.48
40 92 6.56
40 93 15.70
40 94 4.85
40 95 6.82
40 96 15.62
40 97 4.33
40 98 4.38
40 99 12.08
40 100 0.23
41 42 2.95
41 43 10.71
41 44 8.60
41 45 3.31
41 46 11.80
41 47 8.48
41 48 8.05
41 49 5.47
41 50 2.23
41 51 2.96
41 52 8.12
41 53 3.25
41 54 7.97
41 55 9.95
41 56 7.82
41 57 7.56
41 58 0.51
41 59 2.52
41 60 2.86
41 61 8.51
41 62 11.43
41 63 9.12
41 64 6.44
41 65 8.04
41 66 8.18
41 67 6.99
41 68 7.66
41 69 2.05
41 70 12.21
41 71 8.16
41 72 7.66
41 73 8.18
41 74 8.22
41 75 11.29
41 76 8.27
41 77 6.82
41 78 9.74
41 79 12.19
41 80 9.98
41 81 9.12
41 82 11.36
41 83 9.09
41 84 10.21
41 85 4.42
41 86 6.89
41 87 7.36
41 88 3.42
41 89 3.33
41 90 11.36
41 91 5.52
41 92 0.50
41 93 9.08
41 94 3.57
41 95 3.32
41 96 12.98
41 97 4.56
41 98 4.39
41 99 7.86
41 100 6.94
42 43 12.02
42 44 10.68
42 45 2.09
42 46 13.53
42 47 10.33
42 48 5.55
42 49 7.72
42 50 5.15
42 51 0.28
42 52 9.21
42 53 1.85
42 54 5.68
42 55 11.23
42 56 10.19
42 57 4.93
42 58 2.65
42 59 0.66
42 60 0.14
42 61 6.01
42 62 13.07
42 63 6.82
42 64 8.79
42 65 5.28
42 66 9.89
42 67 9.11
42 68 9.85
42 69 1.01
42 70 13.93
42 71 9.91
42 72 9.43
42 73 9.64
42 74 5.38
42 75 12.69
42 76 10.66
42 77 8.56
42 78 11.59
42 79 13.76
42 80 11.27
42 81 10.77
42 82 13.01
42 83 11.29
42 84 11.99
42 85 7.37
42 86 9.29
42 87 5.09
42 88 6.36
42 89 1.67
42 90 13.11
42 91 8.03
42 92 3.04
42 93 6.38
42 94 6.52
42 95 6.03
42 96 14.82
42 97 7.50
42 98 7.33
42 99 9.42
42 100 9.37
43 44 16.90
43 45 10.13
43 46 2.36
43 47 2.97
43 48 12.66
43 49 14.24
43 50 10.66
43 51 12.26
43 52 2.85
43 53 13.47
43 54 11.94
43 55 0.79
43 56 15.52
43 57 12.95
43 58 10.45
43 59 12.18
43 60 11.89
43 61 12.89
43 62 1.76
43 63 12.43
43 64 14.63
43 65 13.71
43 66 2.83
43 67 15.61
43 68 15.91
43 69 11.21
43 70 2.61
43 71 2.91
43 72 16.81
43 73 2.53
43 74 14.30
43 75 0.73
43 76 15.77
43 77 4.02
43 78 2.48
43 79 2.01
43 80 0.75
43 81 2.02
43 82 1.79
43 83 4.19
43 84 2.11
43 85 10.09
43 86 14.78
43 87 11.66
43 88 9.89
43 89 10.62
43 90 2.19
43 91 13.54
43 92 11.16
43 93 14.04
43 94 10.17
43 95 8.38
43 96 3.69
43 97 10.52
43 98 10.48
43 99 2.90
43 100 14.70
44 45 11.84
44 46 16.93
44 47 13.99
44 48 16.23
44 49 3.13
44 50 7.01
44 51 10.50
44 52 15.11
44 53 9.41
44 54 16.32
44 55 16.31
44 56 1.50
44 57 15.60
44 58 9.11
44 59 10.02
44 60 10.68
44 61 16.69
44 62 16.82
44 63 17.47
44 64 2.34
44 65 15.87
44 66 14.07
44 67 1.61
44 68 1.01
44 69 10.24
44 70 17.29
44 71 13.99
44 72 1.69
44 73 14.57
44 74 15.84
44 75 17.23
44 76 1.51
44 77 13.02
44 78 14.94
44 79 17.64
44 80 16.32
44 81 14.91
44 82 16.72
44 83 13.48
44 84 15.49
44 85 6.82
44 86 2.12
44 87 15.72
44 88 7.18
44 89 11.76
44 90 16.52
44 91 3.45
44 92 8.17
44 93 17.00
44 94 6.87
44 95 8.83
44 96 17.61
44 97 6.39
44 98 6.43
44 99 14.14
44 100 2.20
45 46 11.79
45 47 8.72
45 48 4.87
45 49 8.74
45 50 5.40
45 51 2.37
45 52 7.29
45 53 3.89
45 54 4.71
45 55 9.35
45 56 11.12
45 57 4.51
45 58 2.81
45 59 2.53
45 60 1.97
45 61 5.32
45 62 11.31
45 63 5.84
45 64 9.74
45 65 5.11
45 66 8.22
45 67 10.24
45 68 10.93
45 69 1.77
45 70 12.19
45 71 8.25
45 72 10.78
45 73 7.85
45 74 5.45
45 75 10.82
45 76 11.57
45 77 6.95
45 78 9.95
45 79 11.95
45 80 9.39
45 81 9.05
45 82 11.25
45 83 9.88
45 84 10.31
45 85 7.30
45 86 10.20
45 87 4.09
45 88 6.29
45 89 0.48
45 90 11.39
45 91 8.82
45 92 3.68
45 93 6.05
45 94 6.52
45 95 5.43
45 96 13.13
45 97 7.54
45 98 7.37
45 99 7.68
45 100 10.25
46 47 3.33
46 48 14.78
46 49 14.54
46 50 11.32
46 51 13.74
46 52 4.80
46 53 14.80
46 54 14.08
46 55 2.91
46 56 15.47
46 57 15.00
46 58 11.63
46 59 13.59
46 60 13.39
46 61 15.03
46 62 0.60
46 63 14.64
46 64 14.76
46 65 15.76
46 66 3.66
46 67 15.78
46 68 15.98
46 69 12.64
46 70 0.41
46 71 3.65
46 72 17.07
46 73 3.95
46 74 16.33
46 75 1.76
46 76 15.66
46 77 5.01
46 78 2.11
46 79 0.89
46 80 2.86
46 81 2.75
46 82 0.60
46 83 3.46
46 84 1.60
46 85 10.28
46 86 14.83
46 87 13.76
46 88 10.32
46 89 12.27
46 90 0.44
46 91 13.72
46 92 12.21
46 93 16.17
46 94 10.55
46 95 9.01
46 96 1.40
46 97 10.67
46 98 10.68
46 99 4.12
46 100 14.73
47 48 12.24
47 49 11.42
47 50 8.03
47 51 10.53
47 52 2.80
47 53 11.52
47 54 11.62
47 55 2.55
47 56 12.58
47 57 12.34
47 58 8.33
47 59 10.34
47 60 10.19
47 61 12.55
47 62 3.01
47 63 12.35
47 64 11.74
47 65 13.08
47 66 0.66
47 67 12.74
47 68 13.01
47 69 9.40
47 70 3.74
47 71 0.55
47 72 13.98
47 73 1.55
47 74 13.60
47 75 3.25
47 76 12.82
47 77 1.77
47 78 1.26
47 79 3.82
47 80 2.55
47 81 0.95
47 82 2.93
47 83 1.76
47 84 1.73
47 85 7.20
47 86 11.87
47 87 11.21
47 88 7.11
47 89 9.18
47 90 2.89
47 91 10.67
47 92 8.88
47 93 13.64
47 94 7.37
47 95 5.72
47 96 4.52
47 97 7.62
47 98 7.60
47 99 1.34
47 100 11.79
48 49 13.25
48 50 10.23
48 51 5.74
48 52 9.98
48 53 7.02
48 54 0.81
48 55 11.95
48 56 15.71
48 57 0.82
48 58 7.58
48 59 6.21
48 60 5.55
48 61 0.46
48 62 14.21
48 63 1.44
48 64 14.30
48 65 1.29
48 66 11.62
48 67 14.66
48 68 15.39
48 69 6.09
48 70 15.13
48 71 11.70
48 72 14.96
48 73 10.97
48 74 1.94
48 75 13.39
48 76 16.17
48 77 10.62
48 78 13.31
48 79 14.66
48 80 12.00
48 81 12.26
48 82 14.19
48 83 13.73
48 84 13.53
48 85 12.17
48 86 14.80
48 87 1.03
48 88 11.16
48 89 4.73
48 90 14.44
48 91 13.48
48 92 8.33
48 93 1.40
48 94 11.39
48 95 10.22
48 96 16.18
48 97 12.41
48 98 12.24
48 99 10.97
48 100 14.87
49 50 3.93
49 51 7.57
49 52 12.23
49 53 6.67
49 54 13.29
49 55 13.60
49 56 2.48
49 57 12.65
49 58 5.99
49 59 7.08
49 60 7.71
49 61 13.71
49 62 14.36
49 63 14.44
49 64 1.10
49 65 12.98
49 66 11.42
49 67 1.54
49 68 2.18
49 69 7.19
49 70 14.92
49 71 11.34
49 72 2.57
49 73 11.81
49 74 13.01
49 75 14.64
49 76 2.95
49 77 10.26
49 78 12.48
49 79 15.18
49 80 13.62
49 81 12.30
49 82 14.27
49 83 11.18
49 84 13.02
49 85 4.27
49 86 1.62
49 87 12.68
49 88 4.35
49 89 8.68
49 90 14.12
49 91 1.04
49 92 5.07
49 93 14.10
49 94 4.07
49 95 5.94
49 96 15.38
49 97 3.89
49 98 3.87
49 99 11.39
49 100 1.74
50 51 5.13
50 52 8.43
50 53 5.05
50 54 10.11
50 55 9.96
50 56 6.00
50 57 9.78
50 58 2.66
50 59 4.66
50 60 5.07
50 61 10.69
50 62 11.04
50 63 11.24
50 64 4.70
50 65 10.26
50 66 7.90
50 67 5.46
50 68 6.01
50 69 4.29
50 70 11.72
50 71 7.85
50 72 6.42
50 73 8.15
50 74 10.45
50 75 11.14
50 76 6.41
50 77 6.63
50 78 9.21
50 79 11.85
50 80 9.99
50 81 8.82
50 82 10.95
50 83 8.21
50 84 9.73
50 85 2.30
50 86 5.08
50 87 9.50
50 88 1.40
50 89 5.50
50 90 10.88
50 91 3.65
50 92 2.13
50 93 11.30
50 94 1.44
50 95 2.31
50 96 12.34
50 97 2.37
50 98 2.19
50 99 7.76
50 100 5.09
51 52 9.45
51 53 1.57
51 54 5.90
51 55 11.47
51 56 10.05
51 57 5.09
51 58 2.70
51 59 0.50
51 60 0.40
51 61 6.19
51 62 13.29
51 63 7.02
51 64 8.65
51 65 5.42
51 66 10.10
51 67 8.94
51 68 9.68
51 69 1.14
51 70 14.15
51 71 10.11
51 72 9.23
51 73 9.86
51 74 5.48
51 75 12.92
51 76 10.51
51 77 8.76
51 78 11.79
51 79 13.98
51 80 11.51
51 81 10.99
51 82 13.23
51 83 11.46
51 84 12.20
51 85 7.37
51 86 9.15
51 87 5.31
51 88 6.38
51 89 1.96
51 90 13.32
51 91 7.91
51 92 3.01
51 93 6.52
51 94 6.52
51 95 6.11
51 96 15.03
51 97 7.49
51 98 7.31
51 99 9.63
51 100 9.24
52 53 10.72
52 54 9.29
52 55 2.07
52 56 13.83
52 57 10.21
52 58 7.82
52 59 9.40
52 60 9.07
52 61 10.24
52 62 4.23
52 63 9.89
52 64 12.78
52 65 10.97
52 66 2.16
52 67 13.69
52 68 14.10
52 69 8.43
52 70 5.15
52 71 2.29
52 72 14.79
52 73 1.25
52 74 11.54
52 75 3.56
52 76 14.14
52 77 2.28
52 78 3.52
52 79 4.76
52 80 2.12
52 81 2.42
52 82 4.21
52 83 4.56
52 84 3.62
52 85 8.36
52 86 13.01
52 87 8.96
52 88 7.93
52 89 7.77
52 90 4.45
52 91 11.67
52 92 8.60
52 93 11.38
52 94 8.24
52 95 6.30
52 96 6.20
52 97 8.80
52 98 8.73
52 99 1.55
52 100 12.96
53 54 7.28
53 55 12.69
53 56 9.14
53 57 6.31
53 58 3.25
53 59 1.37
53 60 1.94
53 61 7.46
53 62 14.39
53 63 8.38
53 64 7.77
53 65 6.50
53 66 11.15
53 67 7.90
53 68 8.67
53 69 2.31
53 70 15.21
53 71 11.15
53 72 8.02
53 73 11.01
53 74 6.43
53 75 14.11
53 76 9.60
53 77 9.79
53 78 12.79
53 79 15.11
53 80 12.73
53 81 12.07
53 82 14.32
53 83 12.28
53 84 13.23
53 85 7.35
53 86 8.29
53 87 6.72
53 88 6.43
53 89 3.51
53 90 14.37
53 91 7.18
53 92 3.05
53 93 7.63
53 94 6.50
53 95 6.57
53 96 16.04
53 97 7.38
53 98 7.21
53 99 10.74
53 100 8.40
54 55 11.23
54 56 15.73
54 57 1.49
54 58 7.49
54 59 6.35
54 60 5.67
54 61 0.95
54 62 13.50
54 63 1.15
54 64 14.33
54 65 2.09
54 66 10.99
54 67 14.73
54 68 15.46
54 69 6.10
54 70 14.42
54 71 11.07
54 72 15.11
54 73 10.31
54 74 2.73
54 75 12.67
54 76 16.18
54 77 10.03
54 78 12.66
54 79 13.94
54 80 11.28
54 81 11.60
54 82 13.49
54 83 13.15
54 84 12.86
54 85 11.95
54 86 14.81
54 87 0.62
54 88 10.96
54 89 4.65
54 90 13.75
54 91 13.47
54 92 8.29
54 93 2.11
54 94 11.20
54 95 9.92
54 96 15.48
54 97 12.22
54 98 12.05
54 99 10.33
54 100 14.87
55 56 14.95
55 57 12.21
55 58 9.68
55 59 11.39
55 60 11.10
55 61 12.18
55 62 2.31
55 63 11.75
55 64 14.02
55 65 12.97
55 66 2.27
55 67 14.99
55 68 15.32
55 69 10.42
55 70 3.22
55 71 2.37
55 72 16.17
55 73 1.81
55 74 13.56
55 75 1.49
55 76 15.22
55 77 3.34
55 78 2.41
55 79 2.72
55 80 0.05
55 81 1.63
55 82 2.31
55 83 4.02
55 84 2.20
55 85 9.49
55 86 14.19
55 87 10.94
55 88 9.25
55 89 9.83
55 90 2.65
55 91 12.93
55 92 10.40
55 93 13.33
55 94 9.53
55 95 7.70
55 96 4.29
55 97 9.93
55 98 9.89
55 99 2.21
55 100 14.12
56 57 15.12
56 58 8.33
56 59 9.55
56 60 10.17
56 61 16.17
56 62 15.38
56 63 16.88
56 64 1.40
56 65 15.46
56 66 12.70
56 67 1.48
56 68 0.87
56 69 9.63
56 70 15.83
56 71 12.61
56 72 2.55
56 73 13.23
56 74 15.49
56 75 15.83
56 76 0.47
56 77 11.70
56 78 13.51
56 79 16.20
56 80 14.96
56 81 13.51
56 82 15.28
56 83 12.02
56 84 14.05
56 85 5.48
56 86 0.93
56 87 15.11
56 88 5.96
56 89 11.10
56 90 15.07
56 91 2.35
56 92 7.45
56 93 16.57
56 94 5.64
56 95 7.61
56 96 16.14
56 97 5.04
56 98 5.11
56 99 12.79
56 100 0.91
57 58 7.12
57 59 5.58
57 60 4.95
57 61 1.18
57 62 14.44
57 63 2.26
57 64 13.72
57 65 0.76
57 66 11.74
57 67 14.03
57 68 14.78
57 69 5.56
57 70 15.36
57 71 11.81
57 72 14.29
57 73 11.13
57 74 1.37
57 75 13.68
57 76 15.58
57 77 10.67
57 78 13.45
57 79 14.93
57 80 12.26
57 81 12.42
57 82 14.41
57 83 13.77
57 84 13.70
57 85 11.79
57 86 14.22
57 87 1.39
57 88 10.77
57 89 4.31
57 90 14.64
57 91 12.93
57 92 7.81
57 93 1.53
57 94 10.99
57 95 9.93
57 96 16.40
57 97 12.01
57 98 11.84
57 99 11.10
57 100 14.29
58 59 2.32
58 60 2.55
58 61 8.04
58 62 11.24
58 63 8.63
58 64 6.95
58 65 7.61
58 66 7.99
58 67 7.50
58 68 8.17
58 69 1.69
58 70 12.05
58 71 7.98
58 72 8.16
58 73 7.94
58 74 7.82
58 75 11.05
58 76 8.77
58 77 6.63
58 78 9.59
58 79 11.99
58 80 9.72
58 81 8.92
58 82 11.17
58 83 9.03
58 84 10.05
58 85 4.76
58 86 7.40
58 87 6.87
58 88 3.75
58 89 2.85
58 90 11.20
58 91 6.02
58 92 0.97
58 93 8.65
58 94 3.93
58 95 3.43
58 96 12.84
58 97 4.94
58 98 4.76
58 99 7.64
58 100 7.45
59 60 0.69
59 61 6.67
59 62 13.16
59 63 7.48
59 64 8.15
59 65 5.91
59 66 9.94
59 67 8.45
59 68 9.19
59 69 0.97
59 70 14.00
59 71 9.95
59 72 8.77
59 73 9.75
59 74 5.98
59 75 12.83
59 76 10.01
59 77 8.59
59 78 11.61
59 79 13.86
59 80 11.43
59 81 10.84
59 82 13.09
59 83 11.21
59 84 12.03
59 85 6.92
59 86 8.66
59 87 5.75
59 88 5.93
59 89 2.18
59 90 13.16
59 91 7.41
59 92 2.54
59 93 7.02
59 94 6.06
59 95 5.75
59 96 14.86
59 97 7.03
59 98 6.85
59 99 9.50
59 100 8.74
60 61 6.01
60 62 12.94
60 63 6.81
60 64 8.77
60 65 5.32
60 66 9.75
60 67 9.10
60 68 9.84
60 69 0.89
60 70 13.80
60 71 9.77
60 72 9.45
60 73 9.50
60 74 5.43
60 75 12.55
60 76 10.64
60 77 8.43
60 78 11.45
60 79 13.62
60 80 11.14
60 81 10.64
60 82 12.88
60 83 11.15
60 84 11.86
60 85 7.28
60 86 9.27
60 87 5.07
60 88 6.27
60 89 1.57
60 90 12.97
60 91 8.00
60 92 2.98
60 93 6.41
60 94 6.43
60 95 5.92
60 96 14.69
60 97 7.42
60 98 7.24
60 99 9.28
60 100 9.35
61 62 14.46
61 63 1.14
61 64 14.76
61 65 1.44
61 66 11.93
61 67 15.11
61 68 15.85
61 69 6.55
61 70 15.38
61 71 12.01
61 72 15.41
61 73 11.26
61 74 2.04
61 75 13.62
61 76 16.63
61 77 10.95
61 78 13.61
61 79 14.89
61 80 12.23
61 81 12.55
61 82 14.44
61 83 14.06
61 84 13.81
61 85 12.62
61 86 15.26
61 87 1.37
61 88 11.61
61 89 5.19
61 90 14.70
61 91 13.94
61 92 8.79
61 93 1.16
61 94 11.84
61 95 10.65
61 96 16.43
61 97 12.87
61 98 12.69
61 99 11.27
61 100 15.33
62 63 14.05
62 64 14.63
62 65 15.20
62 66 3.25
62 67 15.64
62 68 15.86
62 69 12.20
62 70 0.92
62 71 3.27
62 72 16.91
62 73 3.45
62 74 15.77
62 75 1.20
62 76 15.59
62 77 4.61
62 78 1.89
62 79 0.82
62 80 2.26
62 81 2.32
62 82 0.10
62 83 3.45
62 84 1.34
62 85 10.11
62 86 14.72
62 87 13.19
62 88 10.09
62 89 11.78
62 90 0.51
62 91 13.57
62 92 11.85
62 93 15.60
62 94 10.34
62 95 8.73
62 96 1.98
62 97 10.52
62 98 10.51
62 99 3.66
62 100 14.62
63 64 15.48
63 65 2.58
63 66 11.71
63 67 15.88
63 68 16.60
63 69 7.25
63 70 14.97
63 71 11.80
63 72 16.25
63 73 10.98
63 74 3.15
63 75 13.15
63 76 17.33
63 77 10.83
63 78 13.34
63 79 14.44
63 80 11.81
63 81 12.26
63 82 14.04
63 83 13.93
63 84 13.50
63 85 13.06
63 86 15.96
63 87 1.76
63 88 12.06
63 89 5.79
63 90 14.33
63 91 14.61
63 92 9.44
63 93 2.04
63 94 12.32
63 95 10.98
63 96 16.04
63 97 13.33
63 98 13.16
63 99 11.03
63 100 16.02
64 65 14.06
64 66 11.80
64 67 1.03
64 68 1.32
64 69 8.23
64 70 15.13
64 71 11.72
64 72 2.40
64 73 12.26
64 74 14.10
64 75 14.99
64 76 1.86
64 77 10.72
64 78 12.74
64 79 15.45
64 80 14.04
64 81 12.65
64 82 14.53
64 83 11.34
64 84 13.29
64 85 4.54
64 86 0.53
64 87 13.72
64 88 4.85
64 89 9.70
64 90 14.35
64 91 1.11
64 92 6.06
64 93 15.17
64 94 4.54
64 95 6.50
64 96 15.52
64 97 4.12
64 98 4.15
64 99 11.84
64 100 0.66
65 66 12.48
65 67 14.33
65 68 15.08
65 69 6.00
65 70 16.12
65 71 12.55
65 72 14.52
65 73 11.89
65 74 0.65
65 75 14.44
65 76 15.93
65 77 11.41
65 78 14.20
65 79 15.69
65 80 13.02
65 81 13.17
65 82 15.17
65 83 14.50
65 84 14.45
65 85 12.33
65 86 14.57
65 87 2.11
65 88 11.31
65 89 4.86
65 90 15.40
65 91 13.31
65 92 8.25
65 93 1.13
65 94 11.52
65 95 10.54
65 96 17.15
65 97 12.54
65 98 12.36
65 99 11.85
65 100 14.65
66 67 12.78
66 68 13.08
66 69 8.99
66 70 4.07
66 71 0.13
66 72 13.98
66 73 0.92
66 74 13.02
66 75 3.24
66 76 12.96
66 77 1.36
66 78 1.74
66 79 4.01
66 80 2.27
66 81 0.94
66 82 3.18
66 83 2.40
66 84 2.10
66 85 7.26
66 86 11.95
66 87 10.59
66 88 7.08
66 89 8.68
66 90 3.23
66 91 10.71
66 92 8.60
66 93 13.02
66 94 7.35
66 95 5.60
66 96 4.94
66 97 7.69
66 98 7.65
66 99 0.68
66 100 11.88
67 68 0.78
67 69 8.64
67 70 16.15
67 71 12.70
67 72 1.38
67 73 13.22
67 74 14.32
67 75 15.97
67 76 1.89
67 77 11.67
67 78 13.75
67 79 16.46
67 80 15.00
67 81 13.64
67 82 15.54
67 83 12.37
67 84 14.30
67 85 5.54
67 86 1.20
67 87 14.12
67 88 5.77
67 89 10.16
67 90 15.36
67 91 2.07
67 92 6.57
67 93 15.45
67 94 5.47
67 95 7.39
67 96 16.55
67 97 5.12
67 98 5.13
67 99 12.79
67 100 1.37
68 69 9.36
68 70 16.34
68 71 13.00
68 72 1.68
68 73 13.56
68 74 15.08
68 75 16.25
68 76 1.19
68 77 12.02
68 78 13.98
68 79 16.68
68 80 15.33
68 81 13.92
68 82 15.76
68 83 12.54
68 84 14.52
68 85 5.82
68 86 1.14
68 87 14.85
68 88 6.17
68 89 10.86
68 90 15.57
68 91 2.44
68 92 7.25
68 93 16.20
68 94 5.86
68 95 7.82
68 96 16.69
68 97 5.39
68 98 5.43
68 99 13.13
68 100 1.25
69 70 13.04
69 71 9.00
69 72 9.10
69 73 8.78
69 74 6.17
69 75 11.86
69 76 10.09
69 77 7.65
69 78 10.66
69 79 12.90
69 80 10.46
69 81 9.89
69 82 12.13
69 83 10.31
69 84 11.08
69 85 6.45
69 86 8.71
69 87 5.49
69 88 5.43
69 89 1.55
69 90 12.21
69 91 7.39
69 92 2.25
69 93 7.06
69 94 5.61
69 95 5.03
69 96 13.91
69 97 6.61
69 98 6.43
69 99 8.54
69 100 8.78
70 71 4.06
70 72 17.45
70 73 4.35
70 74 16.69
70 75 1.95
70 76 16.01
70 77 5.42
70 78 2.51
70 79 0.82
70 80 3.17
70 81 3.16
70 82 0.95
70 83 3.81
70 84 2.01
70 85 10.66
70 86 15.20
70 87 14.11
70 88 10.71
70 89 12.67
70 90 0.85
70 91 14.10
70 92 12.62
70 93 16.52
70 94 10.94
70 95 9.41
70 96 1.08
70 97 11.05
70 98 11.06
70 99 4.52
70 100 15.10
71 72 13.91
71 73 1.05
71 74 13.08
71 75 3.30
71 76 12.87
71 77 1.36
71 78 1.70
71 79 4.04
71 80 2.37
71 81 0.98
71 82 3.19
71 83 2.28
71 84 2.09
71 85 7.18
71 86 11.87
71 87 10.67
71 88 7.01
71 89 8.72
71 90 3.22
71 91 10.63
71 92 8.58
71 93 13.10
71 94 7.28
71 95 5.55
71 96 4.92
71 97 7.60
71 98 7.57
71 99 0.79
71 100 11.79
72 73 14.38
72 74 14.45
72 75 17.20
72 76 2.83
72 77 12.84
72 78 15.02
72 79 17.73
72 80 16.19
72 81 14.86
72 82 16.81
72 83 13.68
72 84 15.57
72 85 6.80
72 86 2.56
72 87 14.51
72 88 6.92
72 89 10.65
72 90 16.65
72 91 3.35
72 92 7.20
72 93 15.65
72 94 6.64
72 95 8.51
72 96 17.87
72 97 6.40
72 98 6.39
72 99 13.96
72 100 2.72
73 74 12.44
73 75 3.11
73 76 13.51
73 77 1.55
73 78 2.36
73 79 4.12
73 80 1.84
73 81 1.29
73 82 3.40
73 83 3.31
73 84 2.57
73 85 7.75
73 86 12.45
73 87 9.94
73 88 7.46
73 89 8.33
73 90 3.56
73 91 11.16
73 92 8.63
73 93 12.37
73 94 7.75
73 95 5.90
73 96 5.32
73 97 8.19
73 98 8.14
73 99 0.44
73 100 12.39
74 75 15.03
74 76 15.96
74 77 11.91
74 78 14.74
74 79 16.28
74 80 13.61
74 81 13.72
74 82 15.74
74 83 14.99
74 84 15.00
74 85 12.57
74 86 14.61
74 87 2.75
74 88 11.55
74 89 5.15
74 90 15.96
74 91 13.39
74 92 8.39
74 93 1.39
74 94 11.74
74 95 10.85
74 96 17.72
74 97 12.76
74 98 12.58
74 99 12.39
74 100 14.70
75 76 16.06
75 77 4.52
75 78 2.47
75 79 1.29
75 80 1.44
75 81 2.34
75 82 1.26
75 83 4.19
75 84 1.99
75 85 10.44
75 86 15.11
75 87 12.39
75 88 10.31
75 89 11.30
75 90 1.69
75 91 13.91
75 92 11.73
75 93 14.77
75 94 10.58
75 95 8.84
75 96 3.02
75 97 10.86
75 98 10.84
75 99 3.43
75 100 15.03
76 77 11.98
76 78 13.72
76 79 16.40
76 80 15.23
76 81 13.76
76 82 15.49
76 83 12.20
76 84 14.26
76 85 5.78
76 86 1.38
76 87 15.57
76 88 6.31
76 89 11.55
76 90 15.27
76 91 2.77
76 92 7.90
76 93 17.04
76 94 5.99
76 95 7.96
76 96 16.29
76 97 5.34
76 98 5.42
76 99 13.07
76 100 1.33
77 78 3.02
77 79 5.37
77 80 3.36
77 81 2.29
77 82 4.54
77 83 3.11
77 84 3.44
77 85 6.22
77 86 10.91
77 87 9.59
77 88 5.91
77 89 7.41
77 90 4.58
77 91 9.61
77 92 7.25
77 93 12.01
77 94 6.20
77 95 4.36
77 96 6.27
77 97 6.65
77 98 6.60
77 99 1.13
77 100 10.85
78 79 2.71
78 80 2.38
78 81 1.10
78 82 1.79
78 83 1.73
78 84 0.55
78 85 8.22
78 86 12.83
78 87 12.28
78 88 8.22
78 89 10.41
78 90 1.67
78 91 11.69
78 92 10.13
78 93 14.72
78 94 8.47
78 95 6.90
78 96 3.26
78 97 8.63
78 98 8.63
78 99 2.35
78 100 12.74
79 80 2.67
79 81 3.07
79 82 0.92
79 83 4.24
79 84 2.16
79 85 10.93
79 86 15.53
79 87 13.66
79 88 10.91
79 89 12.43
79 90 1.17
79 91 14.39
79 92 12.61
79 93 16.05
79 94 11.16
79 95 9.54
79 96 1.79
79 97 11.34
79 98 11.33
79 99 4.37
79 100 15.44
80 81 1.62
80 82 2.26
80 83 3.99
80 84 2.16
80 85 9.51
80 86 14.21
80 87 10.99
80 88 9.27
80 89 9.87
80 90 2.60
80 91 12.94
80 92 10.44
80 93 13.38
80 94 9.55
80 95 7.72
80 96 4.24
80 97 9.94
80 98 9.90
80 99 2.23
80 100 14.13
81 82 2.25
81 83 2.43
81 84 1.28
81 85 8.11
81 86 12.79
81 87 11.23
81 88 7.97
81 89 9.53
81 90 2.34
81 91 11.57
81 92 9.54
81 93 13.66
81 94 8.24
81 95 6.52
81 96 4.08
81 97 8.53
81 98 8.50
81 99 1.37
81 100 12.71
82 83 3.34
82 84 1.24
82 85 10.01
82 86 14.62
82 87 13.17
82 88 10.00
82 89 11.73
82 90 0.43
82 91 13.47
82 92 11.77
82 93 15.58
82 94 10.25
82 95 8.64
82 96 2.00
82 97 10.42
82 98 10.42
82 99 3.60
82 100 14.52
83 84 2.21
83 85 6.91
83 86 11.39
83 87 12.71
83 88 7.07
83 89 10.32
83 90 3.08
83 91 10.33
83 92 9.43
83 93 15.13
83 94 7.28
83 95 5.98
83 96 4.21
83 97 7.29
83 98 7.31
83 99 3.07
83 100 11.29
84 85 8.77
84 86 13.38
84 87 12.50
84 88 8.76
84 89 10.78
84 90 1.16
84 91 12.23
84 92 10.61
84 93 14.93
84 94 9.01
84 95 7.42
84 96 2.83
84 97 9.18
84 98 9.17
84 99 2.64
84 100 13.29
85 86 4.70
85 87 11.35
85 88 1.02
85 89 7.48
85 90 9.85
85 91 3.47
85 92 4.40
85 93 13.32
85 94 0.86
85 95 2.34
85 96 11.12
85 97 0.44
85 98 0.40
85 99 7.32
85 100 4.63
86 87 14.19
86 88 5.10
86 89 10.17
86 90 14.42
86 91 1.43
86 92 6.53
86 93 15.68
86 94 4.79
86 95 6.76
86 96 15.55
86 97 4.27
86 98 4.31
86 99 12.02
86 100 0.17
87 88 10.35
87 89 4.03
87 90 13.41
87 91 12.85
87 92 7.68
87 93 2.43
87 94 10.60
87 95 9.33
87 96 15.16
87 97 11.62
87 98 11.44
87 99 9.94
87 100 14.25
88 89 6.46
88 90 9.88
88 91 3.74
88 92 3.43
88 93 12.31
88 94 0.32
88 95 1.66
88 96 11.26
88 97 1.27
88 98 1.11
88 99 7.04
88 100 5.07
89 90 11.86
89 91 8.82
89 92 3.65
89 93 5.84
89 94 6.68
89 95 5.70
89 96 13.60
89 97 7.71
89 98 7.53
89 99 8.15
89 100 10.23
90 91 13.30
90 92 11.77
90 93 15.83
90 94 10.12
90 95 8.57
90 96 1.76
90 97 10.25
90 98 10.26
90 99 3.71
90 100 14.32
91 92 5.17
91 93 14.41
91 94 3.43
91 95 5.38
91 96 14.52
91 97 3.06
91 98 3.06
91 99 10.73
91 100 1.45
92 93 9.31
92 94 3.54
92 95 3.56
92 96 13.37
92 97 4.49
92 98 4.31
92 99 8.30
92 100 6.58
93 94 12.52
93 95 11.46
93 96 17.57
93 97 13.55
93 98 13.37
93 99 12.37
93 100 15.76
94 95 1.97
94 96 11.47
94 97 1.02
94 98 0.85
94 99 7.33
94 100 4.75
95 96 10.06
95 97 2.74
95 98 2.61
95 99 5.49
95 100 6.72
96 97 11.49
96 98 11.52
96 99 5.45
96 100 15.44
97 98 0.18
97 99 7.75
97 100 4.20
98 99 7.71
98 100 4.25
99 100 11.95
