18.561236133855477 0.09
7.32636921210632 0.04
1.132339258162215 0.15
15.199508694452897 0.12
13.751683891435482 0.07
13.210585710393348 0.17
36.97178946670491 0.09
35.655469089673055 0.05
37.51412160248346 0.09
12.291945439736603 0.04
28.821881963137667 0.04
15.971713792823559 0.06
20.39643694852822 0.06
32.23704322356438 0.1
20.575174229076623 0.02
22.207123881314462 0.02
23.90288782009966 0.01
29.581600006881395 0.06
18.13498304319569 0.04
18.566278692001067 0.12
12.465723547159257 0.08
22.712040968871154 0.05
38.060474134006384 0.07
3.3585200181457746 0.17
1.5624947906518956 0.16
27.06570572051661 0.09
37.785067143380026 0.11
21.55726068501646 0.04
29.249027305250443 0.08
31.18249366250878 0.12
31.49146839512055 0.08
31.396860877522005 0.04
11.248019179205844 0.15
39.988059905272095 0.01
26.80222505762484 0.09
7.127197397762592 0.12
26.612037752278518 0.1
4.625989944368383 0.05
3.7375271292694237 0.13
12.480046918879886 0.01
32.67288843531729 0.04
20.755741658622455 0.08
16.315148801324778 0.04
12.200323143191419 0.15
18.62640374523302 0.06
23.992410179423235 0.04
20.62763126630119 0.02
11.532600310459186 0.13
36.397354383994276 0.02
9.337207042480118 0.13
32.30338250544093 0.01
9.94325168054655 0.05
0.4265307602971411 0.34
0.1463717730188438 0.43
33.462402466330474 0.04
28.941497780801374 0.05
9.175100284344403 0.12
17.78323560784813 0.14
13.653229988979742 0.04
2.721874128408712 0.22
16.907261288826184 0.08
11.559207049948718 0.11
24.281071491195274 0.08
15.55997735555633 0.09
14.090350780941414 0.09
6.8294918064263035 0.09
21.20539164631256 0.06
40.45798738835918 0.03
33.03141276481398 0.03
1.0520794812428051 0.47
10.139912687904994 0.09
23.477244102745995 0.05
28.99222020453672 0.05
32.212533916142334 0.01
3.4978857206201748 0.23
29.259225675777394 0.04
35.29365926735412 0.09
28.79583089834575 0.11
32.876301717543136 0.03
35.83993917483179 0.04
7.2973312769429555 0.13
5.027942900392769 0.09
10.864447219567143 0.09
11.257960700870543 0.05
13.675586880391034 0.16
12.185428148663998 0.13
31.71529129813923 0.01
22.883618514917426 0.01
27.52563095285771 0.03
31.238499515304916 0.06
23.634705948045198 0.11
16.24718462476082 0.13
10.236043538571476 0.17
0.07579988644214077 0.45
16.703457020658874 0.02
26.5284699645465 0.08
4.558216661822159 0.24
1.7506484577501547 0.24
18.760940385295847 0.06
15.661338547981991 0.12
2.276229506483861 0.24
33.67895209643471 0.05
4.990145053243639 0.25
36.29249635839188 0.09
7.620768257395961 0.11
19.55718946623549 0.04
7.352263965695176 0.31
11.494249556357788 0.16
2.993617988739513 0.32
30.686125301249216 0.06
28.26215053292634 0.12
20.628975025429266 0.06
8.21792491513365 0.04
3.929218326388575 0.45
24.314034468262495 0.04
2.877115827138514 0.23
20.646916196835026 0.09
20.24246121246727 0.09
32.89774423789921 0.09
35.72454638023414 0.1
8.546465053225637 0.21
23.963949256704318 0.03
0.3023131536191154 0.38
19.03334174219849 0.07
30.901724683882243 0.08
23.805361863310548 0.11
32.61357265536039 0.04
8.248404935951362 0.03
6.415277816578886 0.13
28.01413224433671 0.03
32.585957449514154 0.09
4.988750003478077 0.2
12.296800982454974 0.18
15.890269652802722 0.1
14.24252817520742 0.2
0.04708186795896043 0.49
35.59107562156338 0.02
38.05364622384925 0.11
12.18972259856035 0.12
37.56788761302712 0.08
29.43542479425865 0.01
34.88623859389595 0.02
11.692976516087592 0.05
2.4984634262544794 0.13
5.52828347307541 0.09
15.856328995143043 0.07
31.53585086224367 0.03
37.75117644732348 0.14
12.770693822418197 0.04
18.087206929683614 0.04
37.982881690320724 0.04
30.742313934569196 0.04
23.72393699034997 0.01
5.152690642268963 0.12
13.595849873842221 0.02
16.540043579924003 0.12
27.038393523187487 0.05
16.927121246464793 0.04
26.34056749953529 0.12
37.3474702404279 0.06
10.490724692826063 0.1
29.93408526081912 0.07
8.04557469913872 0.0
5.8608378256693 0.07
26.21645798831167 0.01
2.2390274120794538 0.21
31.458930690725918 0.04
9.394369374707383 0.12
9.183022026355953 0.06
14.484582323031818 0.13
20.66562236771555 0.06
40.222738556867625 0.01
24.23471464096664 0.01
37.13290975397923 0.04
8.347295442039218 0.03
24.988414668586408 0.02
10.97880372349896 0.06
36.72588680157082 0.04
30.217544905819587 0.07
13.943407991013093 0.16
21.29037603727765 0.09
24.83981332988107 0.12
11.144519586862035 0.19
6.285516724001316 0.11
33.23440520115421 0.05
8.834023775585628 0.21
28.67885390973381 0.06
28.142775388373376 0.08
2.904689259108742 0.24
18.90511624721721 0.06
32.430152967803544 0.09
8.533882728593651 0.06
16.876796487702176 0.05
7.525393325593486 0.06
25.379162406203882 0.05
23.964468168995896 0.05
0.3431262767660617 0.33
20.49169665010343 0.07
35.684057994999485 0.06
24.454729752576444 0.12
6.9745482787520965 0.04
9.34583154743466 0.13
25.414609360444107 0.02
38.230576443776265 0.07
0.4763831981718525 0.29
20.856594993386818 0.01
26.181093495135826 0.07
1.5531713824525604 0.17
11.687019320576534 0.04
25.827682416933104 0.02
31.589873553432653 0.03
16.963057303635516 0.07
31.411785290666966 0.07
22.899122035530453 0.1
8.733577872589311 0.02
29.471593943367075 0.1
19.704431442794178 0.09
12.695046438904507 0.01
1.0380660661056256 0.3
1.2562660896789928 0.04
39.9190203570636 0.02
31.144649273723513 0.07
27.865428243248846 0.08
23.616300173967673 0.04
13.867892721588351 0.11
27.68182522420159 0.11
34.83630603177724 0.06
14.74258342940679 0.09
10.162653583950197 0.04
13.674243065084834 0.1
31.169692960014554 0.03
20.57448728858825 0.08
12.047968771736562 0.09
24.229641032167883 0.11
7.996867002399812 0.2
17.043951492716758 0.07
34.8059318808178 0.13
35.68175346295326 0.08
36.54182217232737 0.08
3.7625373417855332 0.19
0.44061527200049344 0.32
7.126662366545211 0.07
28.496410942830703 0.03
29.22397551154807 0.06
34.995205082627784 0.05
26.832793189885923 0.04
1.3419936437890732 0.37
20.2749758142265 0.05
37.157877935439046 0.05
0.5113121213252483 0.42
21.847861328621757 0.06
21.738689625529332 0.06
37.35056713119035 0.1
35.387223319871154 0.08
25.64340288601563 0.06
8.55937787954454 0.14
35.11824249635034 0.07
37.86346557204935 0.02
18.335890032440915 0.12
25.714332186399893 0.1
5.69034941407938 0.07
33.38780440630032 0.01
29.825128644370842 0.03
27.96908136108226 0.08
28.225604740709443 0.07
30.43592873752559 0.09
28.428821764523324 0.02
25.59854153391109 0.03
19.67502242427702 0.07
28.93371947705333 0.08
27.700073050806793 0.08
12.149859315635863 0.08
0.10800401382639484 0.48
8.368285059089162 0.1
33.93167484259341 0.07
36.78717688603424 0.07
22.27276450998038 0.05
24.296495571261794 0.03
4.293928726465823 0.01
28.46785401169856 0.06
39.92405142960227 0.04
33.536039238903165 0.04
13.961109137807087 0.03
17.023517134006614 0.12
17.445265875210453 0.05
26.82709654983357 0.04
34.03722089391556 0.11
35.26995530251354 0.05
8.197285298519175 0.14
23.66705311979638 0.08
30.599817180427724 0.14
41.35739253570167 0.06
11.341880396845417 0.1
28.50682434904702 0.05
15.075261411431859 0.09
9.932110633147895 0.02
0.8529597043277997 0.35
31.89190155919571 0.06
28.81017964514511 0.04
17.256155700151535 0.08
9.732532590538439 0.13
40.16499688291869 0.03
16.25583141112175 0.12
0.12840415615327305 0.41
17.462163119555466 0.07
19.28535316754236 0.09
10.306395321578728 0.05
7.011173975498374 0.17
17.902381763997326 0.04
6.570239874712416 0.08
26.750732223568136 0.07
39.57689720243216 0.04
26.114296161967683 0.06
16.980936206357388 0.04
30.11166894852787 0.05
33.53095225790669 0.04
18.206561212390394 0.08
31.1978329559341 0.05
37.48907701576639 0.02
9.196555500981148 0.19
13.094581082944666 0.15
15.526448157371995 0.04
38.44986553096524 0.07
20.90226601828928 0.06
38.71866322498676 0.08
7.689360883934006 0.1
27.56086966584848 0.06
27.340425561773106 0.02
28.978984997194008 0.02
36.69807710565616 0.06
30.973521558312676 0.04
10.303748275474206 0.15
16.535706481255193 0.07
12.10229064664933 0.1
1.5109646989357504 0.28
32.5149921558063 0.03
5.330722965884461 0.22
40.813368026418104 0.02
26.938119951670974 0.04
12.685935772202896 0.08
9.850271257832615 0.02
14.312855806451052 0.09
23.963838005430638 0.09
37.3888960549883 0.02
25.62264792050287 0.03
1.8268084379761174 0.21
13.418759822697776 0.13
9.057488783939974 0.13
3.9718703080457427 0.09
16.023086396160927 0.1
5.558805194863626 0.17
15.953467064681261 0.07
10.219290781531402 0.07
21.14210252372621 0.09
25.464703604808633 0.04
25.118394313604163 0.08
6.507894937619197 0.09
17.539779262932015 0.08
2.562735874377249 0.21
5.68427713543406 0.16
40.21533496236397 0.04
15.291058655537492 0.09
7.599378809514688 0.07
12.647004181745185 0.24
5.606213585904485 0.26
16.77514652653421 0.15
36.8790563863746 0.02
19.451961348674953 0.04
3.165970174599459 0.09
19.236244960839972 0.19
35.45113524675385 0.02
10.754943920036654 0.09
23.196728118132697 0.06
24.238593322852942 0.12
34.254248496733965 0.03
7.784508320141551 0.05
7.771139290369571 0.08
33.94749205254076 0.05
8.406699213219213 0.09
0.026233047191815063 0.54
15.242080740784171 0.2
17.55767795348096 0.12
2.805583367180462 0.24
8.74195887214371 0.07
18.71781663983194 0.03
10.735656256996982 0.12
1.8507151245880098 0.21
3.500108525254478 0.19
16.223746774265937 0.06
30.701287671755175 0.04
0.7490666403603181 0.34
16.308757183048552 0.09
19.478664274418165 0.03
8.43574576140839 0.12
19.416698278582995 0.11
25.443732072130864 0.06
9.304033181589057 0.18
17.71259251972873 0.15
9.906180598489764 0.04
23.339289378936744 0.01
11.910842991540061 0.14
28.433905323274278 0.04
11.707011159557242 0.08
0.594426087887637 0.26
6.254631705315164 0.21
8.390153373457938 0.14
22.725399489900468 0.07
17.956818224301912 0.08
2.6354401189654135 0.18
29.253324732274628 0.09
22.124360545562816 0.09
20.726306539049542 0.06
1.911727089541414 0.19
14.880784939792635 0.06
40.284639564064804 0.08
41.354553590533 0.01
24.12098095167147 0.05
17.925479078412835 0.13
16.8344388369762 0.06
24.09284429504709 0.1
35.08713574719177 0.02
1.1908026087795649e-07 1.12
26.916586458339722 0.05
33.855052548083435 0.04
17.57530233853248 0.14
9.433019687671246 0.12
33.10989530973034 0.07
26.192254773096977 0.08
12.281691322553453 0.04
32.88279265815186 0.02
1.7933373046865306 0.28
26.405475909834582 0.09
3.7486226183297737 0.02
21.795400776587957 0.03
38.30292893454521 0.05
9.391342907074614 0.09
23.635492514786943 0.02
7.547669756324879 0.14
3.8269523790556543 0.1
3.341137208760241 0.18
23.288884604484196 0.1
10.258636652985803 0.06
25.52935564711643 0.06
21.003827574433583 0.13
17.38817962408526 0.13
4.475220527383218 0.2
38.79293496802242 0.03
27.688727918845814 0.05
0.5721220049710172 0.29
10.77951079255843 0.12
26.156843965897398 0.03
30.814411135696187 0.03
27.82321975751172 0.06
21.480486368168474 0.06
19.427190264207585 0.08
4.036038075585344 0.23
17.55999131518775 0.03
8.864471726846118 0.08
15.519553887980354 0.06
34.28485692151359 0.07
0.4767095295256027 0.4
34.43560457094067 0.01
20.289613378137123 0.01
14.460874109491213 0.11
18.805082324023633 0.04
2.1299675613227413 0.27
8.626518292844123 0.11
21.469507699759482 0.08
14.773850894751309 0.04
28.650010450258826 0.12
32.62301125010166 0.06
29.115372634184794 0.01
4.403009491963869 0.14
37.16921487722945 0.02
29.819218890339446 0.04
16.32972252705497 0.15
10.186175655950729 0.01
21.665208207870755 0.09
2.8649662073391946 0.22
37.50979373012502 0.05
5.591026002614999 0.25
0.7799137248318959 0.33
17.007211246629737 0.05
10.004865435350492 0.09
35.28465391188243 0.01
36.75464140694429 0.05
22.518070527886177 0.11
32.97797251093757 0.03
31.173410945925003 0.1
16.62278703493944 0.04
8.447607970519105 0.13
29.822160374697663 0.03
22.29000896570274 0.13
24.5886216258223 0.1
19.03747844021837 0.13
23.803240410360793 0.1
27.496137279010966 0.07
14.844849823568318 0.09
22.574026935690558 0.06
25.78478491669604 0.03
4.44631913243395 0.03
34.04261830943161 0.09
11.906927853489606 0.1
14.753064337007178 0.08
27.864633530486255 0.03
14.952360629164017 0.04
13.905570147458288 0.16
23.97626870197788 0.08
29.80960577751458 0.04
10.383791978426938 0.09
21.97768033963568 0.08
34.44826343920369 0.07
10.54602873145149 0.08
2.0106575781445026 0.14
37.56278842395901 0.08
19.74149269841069 0.09
11.726088501006465 0.06
1.5620623653288668 0.28
16.473316142913685 0.38
7.172729049715491 0.21
20.639971115042385 0.03
9.230495844465949 0.04
29.556475783328523 0.06
41.22212448979392 0.06
34.73433994041549 0.04
24.147722114849984 0.05
20.47068788334813 0.06
16.557533912415792 0.06
7.765346991935073 0.12
3.8573210852538087 0.14
16.0733028578491 0.01
37.14917854674163 0.03
10.17173719214345 0.03
12.49976403858141 0.17
22.754621985349345 0.01
27.671578771635264 0.03
10.794669591494435 0.04
18.515101633762093 0.04
25.266464061101637 0.08
3.6662647195317133 0.1
16.324672915762157 0.1
25.74303387395399 0.04
31.906271188397614 0.12
6.295733455708481 0.13
30.38501369145202 0.09
14.521182714704965 0.12
11.590636298846416 0.04
31.40709172200029 0.05
31.90880804162416 0.12
37.37110125573374 0.02
21.361953567293142 0.09
23.078786270441462 0.07
15.523900235171222 0.12
30.17043178066773 0.02
31.923017103827906 0.02
8.5067891133733 0.07
18.71603171079052 0.09
11.97822990748099 0.09
32.436128165830375 0.09
11.085266984235444 0.14
3.8298476704833164 0.04
32.731926897491824 0.02
32.196772415201096 0.07
14.263141714981195 0.1
32.01595772765939 0.04
20.808414856488103 0.06
20.658176519783645 0.04
20.921904966054996 0.04
39.92726801509039 0.04
22.275915854275965 0.06
15.072303954925177 0.04
14.87722314511363 0.08
33.41977525146255 0.1
13.34108785058127 0.12
33.389645131261794 0.04
36.380676936750625 0.05
26.333561890952595 0.07
21.212372994915793 0.05
11.927781596191426 0.12
6.12461427475144 0.14
21.55348975074323 0.11
14.541768275197613 0.13
23.80031553077245 0.09
3.704709420241379 0.19
12.673180183624343 0.1
16.790792745668124 0.08
18.036041212628078 0.09
19.880292695354907 0.08
30.714185023652686 0.04
12.77764616078616 0.06
26.110205450965786 0.01
26.27017447982445 0.04
0.3270465547963928 0.73
14.119608548339052 0.01
0.45436029325918276 0.34
12.102207023719073 0.14
21.616294490283643 0.08
3.0950906185176064 0.11
1.116527298036076 0.14
31.13685741394974 0.03
33.28729866145588 0.05
0.2917440283781912 0.32
32.223981923740936 0.05
24.520447136363842 0.03
19.09208486164052 0.1
11.183270997927174 0.07
31.473199015966927 0.03
36.833024381707965 0.04
22.007600393780372 0.06
17.205603741701022 0.07
16.10669861478261 0.12
26.67933359566272 0.05
26.57269566126903 0.09
25.14862008753793 0.1
34.55992780886591 0.03
2.733594563966447 0.19
18.29713022757166 0.06
6.363341670087219 0.18
30.16933050487504 0.08
40.61897165006736 0.07
17.85038513608689 0.14
17.287302827368396 0.09
18.256428372120922 0.04
13.39270780767074 0.09
20.593299955863102 0.06
7.946869667962262 0.13
7.888723609395831 0.07
7.055526725800487 0.12
3.180902715667875 0.23
37.30151360792364 0.04
4.563776000798429 0.17
25.646727059352372 0.11
41.558871185386764 4.06
25.366973432765587 0.06
36.768522965333375 0.01
0.05394051816293111 0.53
39.55702878205862 0.04
9.038512378077217 0.2
13.243037980476391 0.13
18.77610595283664 0.06
14.621483394936849 0.05
20.418058780747522 0.06
8.215470264926478e-05 0.86
29.44185138503947 0.05
4.034804430686187 0.21
9.612157989496248 0.07
14.262779612398726 0.08
25.706174629079097 0.07
15.386765896593802 0.07
12.153314397305957 0.07
31.814148494409096 0.05
1.9329401213336663 0.27
26.446606578547925 0.06
7.27820135499784 0.1
21.838945074747564 0.07
36.83906377555436 0.04
12.263324482561998 0.04
17.0630464018727 0.04
8.528885742763798 0.12
12.999728377035044 0.08
7.253984089867006 0.14
17.147475683681716 0.06
22.507316560766554 0.04
19.22738750471341 0.07
24.046863632962186 0.09
37.38784690429854 0.01
10.39926643559133 0.07
17.923850341121952 0.1
12.27300908180428 0.17
35.5715291931466 0.16
12.772565685140822 0.05
22.263555722584684 0.06
23.963570920968372 0.06
14.498048034859996 0.05
34.613502377254854 0.03
19.693293763726437 0.08
16.466461261709817 0.09
20.766117578193512 0.19
27.92192684959991 0.08
21.508648723296687 0.17
21.543648262997905 0.08
36.00355554754542 0.06
6.372446618608112 0.04
2.665811826682832 0.1
20.018822078866954 0.05
4.331861863017442 0.4
1.1281221285166596 0.32
16.540043579923992 0.0
24.309466095598218 0.12
33.16990372904681 0.09
2.624758087809067 0.27
9.521470490331257 0.04
20.82129753693496 0.03
23.69930938110117 0.12
3.319036903409754 0.04
10.31429541431697 0.07
21.99809965937876 0.1
1.3078164413543747 0.37
15.954161920858718 0.07
22.811035727620627 0.07
4.643866366699501 0.24
31.073396781849123 0.13
36.99430891248016 0.05
4.082122385325698 0.18
24.895441350904647 0.16
4.520689156963908 0.14
2.583627290994055 0.06
37.23376709559958 0.01
3.6497046797012174 0.18
11.576015774076774 0.12
16.975282849947714 0.12
11.982306011971062 0.04
37.91894697535988 0.04
40.68846693017123 0.09
27.110536203580022 0.05
19.44844961310401 0.07
19.72945405973528 0.07
6.829491806426298 0.0
26.72844261864602 0.09
20.783426105059483 0.02
40.70234491258078 0.05
6.688589506120123 0.24
7.639488078980683 0.18
18.566995396226996 0.07
15.06792621239813 0.04
16.51287296048415 0.08
12.350255288777861 0.03
2.944702787374663 0.15
34.44173488239136 0.06
20.062008680099723 0.11
31.938499407579844 0.09
30.649903101131468 0.04
0.8063783549655744 0.25
29.307061013578576 0.02
18.00478824245041 0.04
28.494646495375022 0.06
23.74867875092689 0.08
36.673139572797155 0.02
12.321414992077797 0.09
34.384107925602244 0.11
17.621419462485008 0.12
7.838074461731892 0.12
34.24930192365116 0.11
20.155751255460256 0.02
10.039098516020884 0.07
5.544000060803269 0.17
4.747188094280415 0.19
14.574456309757213 0.1
37.30303146093511 0.03
8.099342196123908 0.21
1.9899567924093917 0.21
26.36723083142592 0.03
11.792611935376657 0.09
7.042137519565014 0.1
15.552334469578149 0.04
15.949739379458684 0.1
15.909090625366783 0.03
3.1375080668245627 0.19
23.41101812164858 0.07
40.539739345803596 0.05
23.226438969543285 0.1
38.269664570360355 0.07
18.261988703447773 0.16
6.466327729300168 0.18
6.304278306852216 0.07
27.044029855155337 0.08
30.619155892162933 0.15
16.632194557142714 0.06
12.987512006722502 0.08
14.661803802711544 0.06
12.10007745677954 0.02
22.09123484103967 0.03
32.60360886518917 0.1
17.57049501166974 0.06
8.067450394463178 0.04
25.00061373989083 0.13
4.3975428799691185 0.11
11.258574242750868 0.08
10.184462733634055 0.11
6.643401493442289 0.17
37.293331939479536 0.02
3.5379543455989477 0.16
30.68370505195714 0.05
16.27903512867523 0.11
18.89490833590436 0.02
27.60611587928152 0.1
28.78032663202673 0.09
13.235884377745268 0.14
29.584794343199114 0.1
13.866936460453763 0.05
5.163477997676893 0.15
31.19743950432605 0.06
9.596898452841032 0.2
33.94888155981182 0.04
30.004586242524788 0.09
10.830193755840519 0.05
16.35281460935027 0.13
9.051304898423004 0.08
33.914940927288335 0.07
1.9655216494752874 0.16
24.272848698958978 0.08
11.290197832566403 0.1
20.485649407226614 0.04
30.753309256740373 0.11
17.268206623105034 0.14
11.50572964747204 0.06
8.724860207924221 0.16
15.28732876592658 0.12
3.6708528288322313 0.26
0.7622597104393299 0.31
33.580305563349576 0.06
40.29873163031107 0.06
12.481675808963768 0.12
0.5585943885276837 0.38
13.792334738074082 0.02
21.403355993825777 0.08
27.49945110128669 0.01
37.997620978190675 0.03
10.709939163577095 0.09
5.4745131727656124 0.21
17.157258870950045 0.04
23.644925483804915 0.05
22.690642688220453 0.05
3.8705851909144458 0.09
26.02165116717799 0.03
2.2342535539169166 0.16
2.8116246099467626 0.3
39.399698191566664 0.02
26.99002148728724 0.01
27.192886975985957 0.09
2.6968866259018256 0.25
1.305571012707273 0.41
12.608936941538891 0.19
14.369991452706893 0.08
29.370078509865568 0.14
34.84359786730604 0.13
5.353171497066931 0.1
3.4630564878655106 0.18
23.866532228674625 0.01
33.42335738056808 0.08
30.228809498941015 0.03
22.70766384533473 0.07
33.036726773848116 0.05
20.698700292239753 0.1
16.565351089143025 0.07
13.026823880319622 0.09
14.54944553853893 0.08
24.913941265976348 0.12
34.26462955137944 0.12
28.576781937305377 0.06
40.883735250414816 0.07
8.116831780414403 0.08
30.01582745464347 0.02
19.301440546208465 0.18
33.49767398940286 0.07
0.4374981744596605 0.3
11.720576385315722 0.07
17.76380582630585 0.12
30.185654616637265 0.08
30.42043190156737 0.18
5.2957174383188725 0.04
41.39912890215406 0.12
10.344369622976584 0.2
26.808860785091017 0.09
40.29583583961138 0.05
34.066829856036385 0.1
3.8253284567465453 0.05
33.78065641665321 0.01
33.26301253580123 0.05
7.211270574205455 0.13
26.47804408637451 0.08
32.922371342852564 0.06
10.328201277343718 0.16
6.708817373396794 0.13
9.653681798500656 0.03
30.23933118536882 0.08
12.04151690725894 0.13
10.342617763336747 0.15
17.531443603494065 0.1
27.150353546646503 0.11
13.44246678971482 0.09
33.74591055253024 0.06
15.661617648550312 0.1
22.80114776315941 0.07
17.861135461228034 0.11
9.04668409447384 0.14
0.7556066515670858 0.42
33.638255806784635 0.06
29.293225201736927 0.05
11.41088627685352 0.02
15.872030105716117 0.08
29.520981015763695 0.02
21.156217605239064 0.14
21.425397445483434 0.14
16.216127072804085 0.08
27.239867444542863 0.03
27.52687962196802 0.08
12.823685198532496 0.08
21.23982718002736 0.08
3.44748451339229 0.27
14.832531135870163 0.04
34.620784195776345 0.08
0.10729589424101825 0.63
16.367540518156048 0.06
7.545727044845395 0.13
24.221143137287406 0.06
40.09504427104015 0.08
29.676203819407554 0.03
0.6529225029649558 0.22
14.477603667120981 0.08
8.735724821356046 0.15
5.257146462294278 0.22
40.00829982630864 0.07
31.77663374535272 0.04
4.231713371626534 0.1
20.813864622758906 0.04
27.648469022271865 0.12
29.800275575350827 0.09
40.893512131848865 0.06
38.43668953215934 0.04
3.881430639081585 0.33
4.4535477221020425 0.19
4.778675151922472 0.18
16.12602115272127 0.13
37.11967828886073 0.06
32.52010936317887 0.02
22.678704047532044 0.04
13.294781269102158 0.06
24.234714640966633 0.0
32.23100193372693 0.09
25.220016782913017 0.03
14.89210443565658 0.06
9.632094357349358 0.15
30.532322614675873 0.08
11.379385291030347 0.08
1.9435337325696923e-08 1.18
7.148440791575288 0.15
8.704295995789938 0.16
22.238632412800083 0.08
12.28875461946743 0.08
26.863387876462067 0.09
28.859783280254945 0.08
21.254045462379057 0.02
16.857913594053162 0.02
7.178130548632522 0.14
3.6937475724639 0.22
32.400239881797184 0.05
12.178566905928536 0.03
0.6325005327184143 0.21
8.694013994532977 0.11
24.47623984997153 0.11
32.68688661252891 0.05
10.17700982849356 0.14
11.396963371477968 0.14
38.12193073717358 0.06
12.555100070698074 0.12
2.967702419324311 0.1
12.793157590009912 0.15
32.26977648290224 0.06
3.342384190011517 0.14
30.513222126979972 0.07
4.691604366315031 0.16
10.91372372094746 0.1
34.3619864981373 0.07
38.81697920467137 0.07
8.04557469913872 0.05
4.134086230740534 0.15
29.926500914238318 0.05
11.349648142064135 0.09
12.359377868758257 0.04
16.333816824067867 0.01
36.932082295473414 0.02
22.349855866873064 0.08
23.962045036761243 0.08
29.691474748535246 0.06
10.487609504703514 0.08
22.370043261002625 0.08
13.626703001259996 0.11
25.13502501335828 0.05
28.514363638096125 0.12
17.690596155659673 0.06
27.478452895153307 0.1
12.629263925400164 0.17
15.99283080345461 0.09
2.989877238063864 0.09
12.167773199161788 0.03
29.281644396372368 0.02
24.02718309002047 0.05
5.944326060612644 0.04
6.476884652529436 0.2
17.20402298207873 0.09
17.28032413730734 0.06
38.53683758458986 0.06
6.89436415794654 0.04
6.252134272961149 0.01
14.42957354097052 0.12
24.142918574524565 0.13
36.33487785321375 0.05
13.539448026064761 0.07
29.21618281849825 0.05
