-0.94 0.26 1.00
-1.42 1.15 3.00
-2.34 0.47 3.00
1.01 -0.81 2.00
1.45 0.41 2.00
-0.70 1.34 2.00
0.36 0.32 0.00
0.18 -0.21 0.00
-0.06 0.41 0.00
1.52 0.27 2.00
0.58 -0.24 0.00
-0.28 1.17 2.00
-0.84 -0.48 1.00
0.65 0.31 0.00
0.97 0.80 2.00
-0.76 0.56 1.00
-0.75 0.03 1.00
0.76 0.11 1.00
0.84 -0.86 2.00
-0.60 -0.93 1.00
1.31 -0.67 2.00
0.30 1.13 1.00
0.07 -0.21 0.00
1.01 2.38 3.00
-2.15 -0.04 3.00
-0.09 -0.67 0.00
-0.03 -0.30 0.00
0.62 1.02 2.00
0.84 0.10 1.00
0.47 -0.00 0.00
0.39 -0.52 0.00
0.37 0.85 1.00
-0.27 1.72 3.00
-0.18 -0.14 0.00
-0.68 -0.16 0.00
-0.39 -1.74 3.00
1.06 0.41 1.00
-1.74 -1.21 3.00
1.95 -0.30 3.00
1.11 -0.94 2.00
0.21 -0.56 0.00
-0.80 -0.86 1.00
-1.02 0.69 2.00
-1.23 -0.16 2.00
0.39 1.23 2.00
0.76 -0.44 1.00
-0.79 -0.76 1.00
0.72 -1.53 3.00
0.39 0.41 0.00
1.51 -0.47 2.00
0.19 -0.57 0.00
-1.40 -0.18 2.00
-1.24 2.64 3.00
0.50 -2.81 3.00
0.13 0.72 0.00
0.62 -0.03 0.00
0.04 1.78 3.00
-1.04 0.40 1.00
1.20 -0.64 2.00
2.36 0.58 3.00
-0.32 0.95 1.00
1.36 0.71 2.00
-0.51 -0.56 1.00
-0.27 1.53 2.00
-1.23 0.04 2.00
-1.61 0.92 3.00
0.54 1.10 2.00
-0.15 0.17 0.00
0.33 -0.28 0.00
-0.28 2.79 3.00
1.29 1.19 3.00
0.06 -1.05 1.00
0.57 -0.13 0.00
0.65 0.30 0.00
0.61 2.18 3.00
1.05 0.30 1.00
-0.31 -0.22 0.00
0.09 -0.74 0.00
0.18 -0.54 0.00
-0.26 0.35 0.00
-1.30 1.19 3.00
1.56 1.56 3.00
-0.83 1.46 3.00
0.77 -1.51 3.00
1.23 -0.42 2.00
0.22 -1.48 2.00
-0.27 0.50 0.00
1.22 0.00 2.00
1.16 0.17 1.00
0.15 0.82 1.00
-0.67 0.39 1.00
-0.52 -1.05 1.00
0.27 1.51 2.00
-3.27 0.68 3.00
-1.14 0.30 2.00
0.47 0.98 1.00
0.13 -1.84 3.00
1.88 1.51 3.00
-0.91 -1.07 2.00
-0.60 1.01 2.00
-1.49 1.92 3.00
0.06 0.65 0.00
0.47 1.69 3.00
0.34 0.23 0.00
1.12 1.65 3.00
-0.87 -0.75 1.00
-1.43 1.19 3.00
-1.03 0.91 2.00
0.45 2.46 3.00
0.69 0.13 0.00
0.24 0.96 1.00
-0.85 -0.90 2.00
-1.55 0.65 3.00
2.11 0.39 3.00
-0.59 -0.49 1.00
-0.88 -2.04 3.00
0.70 -0.83 1.00
-0.71 -0.88 1.00
0.31 -0.19 0.00
0.17 0.07 0.00
-1.27 -0.62 2.00
-0.76 0.01 1.00
-1.82 2.11 3.00
1.36 0.24 2.00
-0.46 0.02 0.00
0.11 -1.03 1.00
0.05 0.69 0.00
1.26 -1.05 2.00
0.74 -1.79 3.00
1.10 0.32 1.00
0.51 0.11 0.00
1.82 -0.31 3.00
-1.35 0.46 2.00
-1.11 -1.12 2.00
-0.53 1.29 2.00
2.44 2.23 3.00
0.45 0.39 0.00
-0.14 -0.28 0.00
-1.10 -0.50 2.00
0.16 0.30 0.00
0.47 0.83 1.00
0.42 0.47 0.00
0.35 -1.58 2.00
0.22 -2.11 3.00
-1.71 -1.17 3.00
1.09 -0.35 1.00
0.39 -0.13 0.00
-0.21 0.32 0.00
-1.25 0.72 2.00
0.94 -0.50 1.00
0.07 0.36 0.00
0.07 0.78 1.00
0.77 -0.43 1.00
-1.85 -0.72 3.00
0.73 1.25 2.00
0.22 1.29 2.00
-0.01 -0.77 1.00
-0.99 -0.77 2.00
0.07 0.91 1.00
0.28 0.39 0.00
0.54 -1.68 3.00
0.53 -0.35 0.00
1.20 -1.57 3.00
0.11 2.03 3.00
-0.71 -0.15 0.00
0.73 2.62 3.00
0.59 0.44 0.00
1.11 -1.35 3.00
1.06 -1.62 3.00
0.34 1.35 2.00
-0.33 -0.81 1.00
-0.16 0.18 0.00
0.52 -0.79 1.00
0.09 -0.26 0.00
1.49 1.03 3.00
1.16 0.38 2.00
-0.93 1.29 2.00
0.08 -0.30 0.00
-0.11 0.64 0.00
0.71 1.24 2.00
-0.68 0.79 1.00
0.74 -0.37 1.00
0.92 -1.39 2.00
1.72 -0.54 3.00
0.28 0.78 1.00
-0.93 -1.66 3.00
0.91 0.07 1.00
-0.41 -0.45 0.00
2.15 0.63 3.00
-0.82 0.81 1.00
0.37 0.77 1.00
-0.98 -1.63 3.00
-0.28 1.01 1.00
-1.55 -0.28 2.00
1.15 0.02 1.00
0.63 0.90 1.00
2.00 2.02 3.00
-0.80 -0.95 2.00
-0.21 0.42 0.00
-0.74 -0.31 1.00
-1.69 -0.60 3.00
-0.72 -1.57 3.00
-0.60 0.31 0.00
0.07 0.09 0.00
0.81 -2.34 3.00
0.01 -1.15 1.00
-0.50 0.55 0.00
0.51 2.80 3.00
-0.88 1.32 2.00
-0.73 -0.15 1.00
0.65 0.17 0.00
0.88 -0.92 2.00
0.35 -0.58 0.00
-0.55 0.70 1.00
-0.92 -1.68 3.00
0.88 0.35 1.00
0.83 -0.67 1.00
-1.30 -0.01 2.00
1.74 -1.39 3.00
-2.48 -0.27 3.00
-0.20 0.13 0.00
0.18 -0.64 0.00
0.48 -0.65 1.00
0.50 -0.83 1.00
-0.52 1.18 2.00
-0.06 0.76 1.00
0.20 -0.03 0.00
0.56 -1.19 2.00
-1.49 -0.93 3.00
1.21 0.91 2.00
0.59 0.09 0.00
0.23 1.17 2.00
-1.28 -1.20 3.00
0.74 -0.48 1.00
-1.62 -0.78 3.00
1.30 -0.13 2.00
0.19 -0.36 0.00
0.46 0.37 0.00
0.29 0.48 0.00
-1.63 1.67 3.00
1.88 -1.68 3.00
-1.43 -1.30 3.00
0.94 0.06 1.00
0.56 -0.40 0.00
0.20 0.03 0.00
1.13 0.34 2.00
-0.20 -2.68 3.00
-0.84 -0.78 1.00
0.12 0.44 0.00
1.08 -2.23 3.00
1.27 0.04 2.00
1.14 0.51 2.00
0.22 0.40 0.00
0.42 0.21 0.00
0.15 -0.93 1.00
-1.16 -1.39 3.00
-0.03 -0.39 0.00
-0.26 -0.14 0.00
1.16 0.63 2.00
1.10 0.00 1.00
1.78 -0.51 3.00
-0.13 -0.43 0.00
0.52 -0.44 0.00
0.59 -0.48 1.00
0.85 0.42 1.00
0.74 0.34 1.00
0.41 -0.69 1.00
0.18 -0.92 1.00
0.77 -0.82 1.00
0.78 0.41 1.00
-0.59 -0.23 0.00
0.06 -1.44 2.00
-2.60 -1.58 3.00
-0.25 1.82 3.00
-0.09 -0.42 0.00
-0.23 -0.27 0.00
-0.76 0.58 1.00
0.33 1.09 1.00
0.76 1.98 3.00
0.92 0.40 1.00
-0.20 0.11 0.00
-0.19 0.50 0.00
-0.78 1.09 2.00
1.02 -0.34 1.00
1.20 -0.20 2.00
-0.64 -0.24 0.00
-0.37 0.11 0.00
0.42 0.45 0.00
-0.00 -1.57 2.00
-0.66 0.65 1.00
0.82 0.27 1.00
-0.07 -0.01 0.00
-1.40 0.16 2.00
-0.29 -0.53 0.00
-0.20 1.48 2.00
1.11 1.50 3.00
-0.30 2.44 3.00
0.36 -0.12 0.00
1.09 0.29 1.00
-1.10 0.34 1.00
0.74 -1.66 3.00
-0.04 0.20 0.00
-0.35 -1.08 1.00
2.29 -1.65 3.00
-0.12 -1.21 2.00
-0.47 -0.83 1.00
1.45 -0.66 2.00
-1.67 -0.56 3.00
0.57 -1.04 2.00
-1.75 -0.66 3.00
0.52 0.92 1.00
-0.02 0.24 0.00
0.70 -0.26 1.00
0.52 -1.09 2.00
0.60 0.49 1.00
0.30 -0.28 0.00
-0.64 -1.00 2.00
0.42 0.78 1.00
0.16 0.32 0.00
1.45 0.94 3.00
-0.06 1.44 2.00
1.30 -0.19 2.00
-0.26 0.08 0.00
0.97 0.78 2.00
0.05 0.21 0.00
-1.46 -0.55 2.00
0.04 -0.78 1.00
-0.05 0.78 1.00
-0.34 -0.48 0.00
-0.29 0.19 0.00
-0.43 -0.24 0.00
0.98 -1.57 3.00
1.08 0.90 2.00
0.83 1.28 2.00
1.79 1.77 3.00
0.33 -0.17 0.00
-1.18 1.59 3.00
-0.13 0.15 0.00
0.68 0.57 1.00
-0.62 -1.28 2.00
1.31 1.20 3.00
0.05 1.33 2.00
0.71 -0.57 1.00
0.18 0.29 0.00
0.22 -0.90 1.00
0.14 2.57 3.00
-1.31 -1.09 3.00
-1.02 -1.47 3.00
0.57 1.95 3.00
-0.81 0.95 2.00
1.66 0.83 3.00
-0.16 1.25 2.00
0.47 -1.69 3.00
-0.13 -1.04 1.00
0.34 1.06 1.00
0.61 -0.65 1.00
1.66 0.51 3.00
0.31 -1.15 2.00
0.20 2.37 3.00
-1.65 -0.16 2.00
-0.09 0.23 0.00
-0.45 -1.11 2.00
-0.68 -1.76 3.00
1.01 1.17 2.00
-1.78 -0.99 3.00
0.75 1.09 2.00
0.11 0.46 0.00
0.99 0.84 2.00
0.95 2.47 3.00
0.33 -1.07 1.00
0.22 0.61 0.00
1.01 -1.42 3.00
-0.56 -0.59 1.00
-0.05 -0.96 1.00
0.25 -0.35 0.00
-1.64 -0.73 3.00
-1.15 1.37 3.00
0.28 -0.31 0.00
0.34 -1.73 3.00
-3.20 -0.13 3.00
1.03 -0.69 2.00
1.38 0.09 2.00
-1.86 -0.04 3.00
0.11 1.77 3.00
-0.96 -0.23 1.00
-1.18 -0.41 2.00
1.97 -0.94 3.00
1.89 -0.67 3.00
-0.41 1.48 2.00
-0.16 0.59 0.00
-0.49 -2.47 3.00
-1.15 0.50 2.00
-0.53 0.83 1.00
-0.32 -1.60 2.00
-0.94 -0.21 1.00
0.73 -0.20 1.00
-1.48 0.32 2.00
-1.01 0.55 1.00
0.24 1.54 2.00
0.78 -0.43 1.00
0.97 -1.18 2.00
0.50 0.85 1.00
1.03 -1.13 2.00
2.42 -0.81 3.00
1.50 1.49 3.00
1.46 -0.80 2.00
-0.81 -0.33 1.00
-0.24 0.97 1.00
-2.02 -0.78 3.00
0.56 -0.27 0.00
0.92 0.74 2.00
-0.65 -0.75 1.00
-0.01 -2.36 3.00
1.12 0.95 2.00
-0.07 0.20 0.00
-0.07 -0.00 0.00
-0.35 -0.66 1.00
0.53 -1.05 2.00
0.28 -1.20 2.00
-0.74 0.03 0.00
0.44 0.20 0.00
-2.93 1.93 3.00
0.18 -0.86 1.00
-0.13 -0.42 0.00
1.24 -0.17 2.00
-0.60 -1.52 2.00
0.20 -0.52 0.00
-0.64 0.04 0.00
0.35 -1.53 2.00
0.11 0.73 0.00
-2.19 0.44 3.00
-0.57 0.29 0.00
-1.62 1.69 3.00
0.78 -0.59 1.00
-0.22 -0.20 0.00
1.24 1.56 3.00
-0.64 0.66 1.00
1.65 0.42 3.00
2.16 0.30 3.00
0.12 -2.02 3.00
-0.19 -0.79 1.00
-1.41 0.74 2.00
0.81 0.57 1.00
-0.44 -0.75 1.00
-0.08 1.15 1.00
1.74 -0.10 3.00
-0.23 0.18 0.00
-0.26 -0.57 0.00
2.77 0.47 3.00
-1.35 -0.16 2.00
0.19 -0.89 1.00
0.15 -0.65 0.00
-0.59 -0.02 0.00
-0.55 0.76 1.00
-0.93 0.03 1.00
-1.26 -1.73 3.00
0.97 -0.45 1.00
1.46 1.02 3.00
-0.43 1.54 2.00
-0.35 0.23 0.00
-2.30 0.87 3.00
0.31 0.12 0.00
0.97 0.81 2.00
-1.23 0.60 2.00
0.81 -0.84 1.00
0.36 2.71 3.00
1.49 0.84 3.00
0.77 0.87 1.00
-0.43 -1.14 2.00
-0.51 0.13 0.00
0.31 -0.52 0.00
0.85 0.09 1.00
-0.38 -1.91 3.00
0.19 0.27 0.00
-0.30 -0.48 0.00
0.03 -1.30 2.00
0.99 -1.58 3.00
-0.06 -1.09 1.00
-0.63 2.12 3.00
0.06 0.41 0.00
1.59 1.26 3.00
0.32 -2.42 3.00
-1.12 0.29 1.00
-0.24 -1.47 2.00
0.47 0.38 0.00
0.38 0.39 0.00
1.00 0.63 2.00
0.24 0.80 1.00
-0.28 -0.44 0.00
0.91 -0.90 2.00
-1.47 -0.29 2.00
-0.41 0.46 0.00
0.84 0.78 1.00
0.51 -0.78 1.00
-0.90 0.37 1.00
0.16 1.04 1.00
0.75 0.50 1.00
0.70 -1.16 2.00
-0.82 -0.01 1.00
1.15 0.36 2.00
-1.38 1.71 3.00
0.18 -0.45 0.00
-1.37 0.06 2.00
0.19 -1.35 2.00
1.12 0.30 1.00
-0.41 1.58 2.00
1.17 -0.62 2.00
-0.10 0.84 1.00
-0.46 0.34 0.00
-0.33 -1.44 2.00
0.79 -0.56 1.00
-0.25 -0.34 0.00
-0.91 -1.41 3.00
2.48 0.51 3.00
-0.15 0.38 0.00
-0.86 -1.02 2.00
-0.50 1.66 3.00
2.25 0.03 3.00
-0.35 1.48 2.00
-1.57 1.00 3.00
-0.54 0.79 1.00
1.09 1.54 3.00
0.47 0.82 1.00
-0.07 -0.08 0.00
0.41 0.17 0.00
0.59 0.95 1.00
0.31 1.19 2.00
-1.09 -0.92 2.00
0.10 1.89 3.00
-0.95 2.02 3.00
0.03 -1.31 2.00
0.12 -0.11 0.00
1.02 -1.57 3.00
0.57 1.34 2.00
-0.62 -0.58 1.00
-0.61 -0.04 0.00
-1.29 0.80 2.00
-0.83 -1.09 2.00
-0.09 -0.79 1.00
2.01 0.27 3.00
0.13 -1.30 2.00
-0.59 0.49 1.00
0.41 -0.43 0.00
-1.49 1.39 3.00
0.48 -0.19 0.00
1.25 0.71 2.00
0.78 1.32 2.00
0.05 0.74 0.00
-0.44 -0.08 0.00
-0.22 0.34 0.00
0.39 1.16 2.00
1.22 0.01 2.00
-1.15 0.08 1.00
1.03 0.17 1.00
0.33 0.84 1.00
-0.62 -1.67 3.00
-0.79 -1.07 2.00
1.26 0.98 2.00
0.40 0.66 1.00
1.40 -0.41 2.00
0.99 2.17 3.00
-0.35 0.39 0.00
0.63 0.19 0.00
1.46 0.15 2.00
-0.26 0.50 0.00
-0.78 0.32 1.00
-0.79 -0.74 1.00
-0.78 0.26 1.00
0.01 -0.12 0.00
-0.86 -0.14 1.00
-0.56 1.03 2.00
0.85 -1.10 2.00
0.23 0.77 1.00
1.49 0.30 2.00
0.29 -0.46 0.00
0.14 -0.24 0.00
0.97 -0.01 1.00
0.59 1.06 2.00
0.45 -1.61 3.00
-1.64 0.23 2.00
0.87 -0.25 1.00
-0.83 -1.24 2.00
-0.81 -0.11 1.00
-1.88 0.36 3.00
1.25 -0.73 2.00
-1.05 -0.87 2.00
-1.00 -1.06 2.00
-0.18 0.92 1.00
-0.48 -0.02 0.00
-1.36 -1.06 3.00
-0.58 0.30 0.00
-0.55 0.50 0.00
-2.17 -1.80 3.00
-0.54 1.29 2.00
2.74 0.90 3.00
-0.14 1.64 2.00
-0.81 -0.43 1.00
-1.30 -1.83 3.00
-0.31 -2.76 3.00
0.34 -0.61 0.00
-0.30 -0.34 0.00
-1.88 -1.93 3.00
0.65 0.26 0.00
1.11 -0.03 1.00
-0.87 -0.58 1.00
-1.40 0.51 2.00
-0.30 0.49 0.00
-0.10 -0.33 0.00
0.64 0.98 1.00
-1.10 0.43 2.00
-0.23 1.23 2.00
-0.06 -0.72 0.00
0.60 -0.57 1.00
-0.43 -0.58 0.00
0.31 0.13 0.00
-1.94 -1.10 3.00
0.81 -0.90 2.00
-1.66 1.16 3.00
-0.42 0.43 0.00
-0.19 -0.02 0.00
-0.37 -0.94 1.00
-1.08 -1.02 2.00
1.01 0.88 2.00
1.33 -0.27 2.00
-0.78 0.76 1.00
-1.36 -0.52 2.00
1.22 -1.46 3.00
1.57 -0.75 3.00
1.13 1.99 3.00
0.22 0.44 0.00
-0.24 -1.88 3.00
0.41 -0.80 1.00
-0.12 -0.04 0.00
0.58 0.90 1.00
0.39 0.33 0.00
0.11 -3.17 3.00
-0.20 0.18 0.00
1.31 -0.93 2.00
-1.11 -0.31 1.00
-0.89 -0.51 1.00
-0.83 1.00 2.00
1.02 0.75 2.00
3.24 -1.07 3.00
0.45 0.87 1.00
-0.81 2.00 3.00
1.31 1.41 3.00
-1.18 -1.16 2.00
0.75 0.59 1.00
-0.33 1.57 2.00
0.98 1.23 2.00
0.56 0.10 0.00
-0.19 -2.30 3.00
1.16 0.08 1.00
-1.25 1.37 3.00
1.21 0.43 2.00
-0.30 -0.10 0.00
1.29 -0.72 2.00
-1.00 0.65 2.00
-0.69 -1.69 3.00
0.66 -1.28 2.00
-0.51 -1.75 3.00
-0.85 0.86 2.00
-0.12 0.87 1.00
-0.06 -1.18 2.00
0.84 0.65 1.00
0.07 0.42 0.00
-1.49 -0.97 3.00
0.93 0.94 2.00
0.56 -1.56 2.00
0.20 0.61 0.00
-1.36 -1.01 3.00
0.14 -1.08 1.00
-0.01 -1.01 1.00
-0.63 -1.20 2.00
0.22 -0.36 0.00
0.15 1.16 1.00
-0.30 1.41 2.00
-0.78 -0.78 1.00
-0.46 -0.39 0.00
-0.75 0.24 1.00
0.85 -0.33 1.00
0.35 0.47 0.00
0.03 2.01 3.00
1.95 1.09 3.00
-0.70 0.84 1.00
0.75 1.98 3.00
2.44 -0.35 3.00
0.22 1.29 2.00
0.82 -0.12 1.00
0.29 0.01 0.00
-1.10 2.29 3.00
-0.26 -1.50 2.00
-0.52 0.77 1.00
-0.68 0.57 1.00
1.99 -0.30 3.00
0.32 -1.64 2.00
-0.73 0.72 1.00
2.26 -0.61 3.00
0.25 -1.26 2.00
-0.63 -0.57 1.00
-1.40 1.69 3.00
-0.02 -0.53 0.00
0.33 0.41 0.00
-0.35 1.97 3.00
0.66 0.73 1.00
-1.81 0.63 3.00
-1.07 2.34 3.00
-0.16 0.39 0.00
1.34 -1.69 3.00
-1.04 -1.32 3.00
1.32 0.47 2.00
1.07 1.21 2.00
0.09 -0.10 0.00
-0.10 -0.16 0.00
-0.33 -0.56 0.00
-0.93 -1.01 2.00
-0.85 0.25 1.00
-1.61 0.92 3.00
-0.56 0.20 0.00
0.41 1.17 2.00
-0.17 0.09 0.00
1.62 -0.26 2.00
0.71 1.49 2.00
0.40 -1.06 1.00
-1.21 -1.00 2.00
1.39 0.37 2.00
1.04 1.18 2.00
-1.10 1.99 3.00
0.50 0.20 0.00
-0.92 -0.05 1.00
-0.03 0.65 0.00
-0.48 -0.08 0.00
-0.51 2.70 3.00
-0.32 -0.48 0.00
-0.86 -1.11 2.00
0.60 -0.35 0.00
-0.69 -0.43 1.00
-0.08 -0.34 0.00
1.49 0.07 2.00
0.33 0.61 0.00
-0.23 -1.11 1.00
1.61 -0.54 3.00
0.55 0.31 0.00
-0.55 0.81 1.00
1.17 1.51 3.00
-1.75 0.50 3.00
-1.77 -0.40 3.00
-0.53 1.51 2.00
-0.13 -0.31 0.00
-1.14 1.29 3.00
-2.04 -0.15 3.00
-0.70 -0.14 0.00
-0.32 -1.35 2.00
0.04 1.97 3.00
-0.36 -1.12 2.00
0.87 -1.02 2.00
1.32 -0.15 2.00
-0.07 -2.06 3.00
0.03 0.97 1.00
-0.05 -0.15 0.00
0.70 0.83 1.00
0.07 0.02 0.00
0.94 -0.46 1.00
1.69 0.22 3.00
-1.02 -1.86 3.00
0.13 -0.86 1.00
0.48 -0.30 0.00
-1.02 -0.21 1.00
1.28 -0.48 2.00
-0.68 -1.21 2.00
0.81 1.29 2.00
0.87 0.78 1.00
0.57 0.41 0.00
-1.01 0.04 1.00
-1.50 -0.31 2.00
-0.57 -0.46 0.00
1.64 1.48 3.00
0.62 -1.62 3.00
-0.07 1.73 3.00
-1.64 0.37 3.00
-0.28 -0.13 0.00
-1.93 0.53 3.00
0.73 0.16 1.00
0.09 1.25 2.00
-0.95 0.03 1.00
-0.01 -0.72 0.00
0.39 -0.69 1.00
-0.34 -1.26 2.00
0.57 -0.03 0.00
1.19 -0.57 2.00
1.35 -1.17 3.00
0.43 0.72 1.00
-1.01 1.11 2.00
-0.33 -0.26 0.00
0.48 -0.51 0.00
-1.35 0.76 2.00
-0.95 0.77 2.00
-0.87 1.53 3.00
0.25 -0.44 0.00
1.85 -1.11 3.00
0.38 -0.87 1.00
-0.75 1.50 3.00
-0.37 -0.80 1.00
-0.44 0.30 0.00
-1.00 -0.81 2.00
-1.30 0.76 2.00
1.18 -1.52 3.00
-1.13 0.65 2.00
-1.88 0.98 3.00
-2.32 -0.70 3.00
0.41 0.11 0.00
-0.01 -0.09 0.00
-0.82 1.31 2.00
2.45 1.08 3.00
-1.20 -1.17 3.00
-0.79 0.66 1.00
-0.60 -0.23 0.00
0.06 -0.24 0.00
1.52 0.47 2.00
1.70 1.06 3.00
-1.11 0.38 1.00
0.89 0.66 1.00
1.19 -0.04 2.00
1.33 1.86 3.00
0.94 -0.02 1.00
2.21 0.78 3.00
1.72 -1.01 3.00
0.03 -0.13 0.00
-0.54 0.46 0.00
0.67 -0.11 0.00
1.97 0.99 3.00
-2.46 -0.31 3.00
0.38 -1.50 2.00
0.10 -1.37 2.00
1.02 0.32 1.00
0.07 0.60 0.00
1.33 1.77 3.00
-1.85 1.27 3.00
-0.06 -0.97 1.00
-0.34 0.37 0.00
1.01 0.15 1.00
0.45 -0.89 1.00
0.18 0.77 1.00
-0.07 0.99 1.00
-0.26 1.11 1.00
1.28 0.79 2.00
0.78 -1.15 2.00
0.93 0.55 1.00
-0.13 0.51 0.00
0.14 -0.78 1.00
-0.14 0.13 0.00
0.18 1.73 3.00
0.26 -0.70 0.00
1.34 0.31 2.00
-0.08 0.56 0.00
-0.08 3.01 3.00
0.51 1.38 2.00
-0.96 -0.36 1.00
0.24 -0.70 1.00
1.01 0.18 1.00
1.72 1.02 3.00
-0.09 0.08 0.00
1.26 1.27 3.00
0.67 -0.21 0.00
-0.17 -0.14 0.00
0.16 0.70 0.00
2.11 0.28 3.00
-0.14 -0.42 0.00
-0.39 0.06 0.00
1.27 1.69 3.00
0.90 -0.01 1.00
0.29 -0.05 0.00
1.24 1.43 3.00
-0.25 -1.71 3.00
0.27 1.54 2.00
0.94 0.15 1.00
-0.92 -1.33 2.00
-0.55 -1.41 2.00
-0.70 0.94 1.00
-0.53 0.46 0.00
-1.23 0.69 2.00
0.12 -0.46 0.00
-1.18 -1.02 2.00
-0.12 -0.94 1.00
-0.18 1.06 1.00
-1.42 -1.23 3.00
-2.49 -1.08 3.00
-0.22 0.48 0.00
-0.53 -0.03 0.00
-1.39 0.06 2.00
-1.00 -0.43 1.00
0.62 0.50 1.00
-0.60 -0.72 1.00
0.72 -0.74 1.00
-1.15 0.20 1.00
0.25 0.99 1.00
0.69 0.53 1.00
-1.29 -0.02 2.00
0.02 -1.14 1.00
0.86 2.45 3.00
-0.26 1.57 2.00
0.34 0.14 0.00
-2.96 0.35 3.00
-0.34 1.36 2.00
-0.88 -1.80 3.00
0.79 -0.17 1.00
-0.00 0.04 0.00
-0.47 0.30 0.00
2.63 -0.24 3.00
-0.77 1.06 2.00
1.23 -1.06 2.00
-0.70 1.82 3.00
-0.01 0.14 0.00
0.22 0.84 1.00
0.66 1.93 3.00
-0.85 -0.41 1.00
1.15 0.14 1.00
-0.11 -0.55 0.00
-0.16 -0.09 0.00
0.07 -0.14 0.00
0.99 2.21 3.00
0.92 -1.84 3.00
-1.02 1.68 3.00
-0.69 -1.15 2.00
-0.01 0.44 0.00
0.18 -0.56 0.00
0.53 -0.85 1.00
-0.45 1.63 3.00
0.52 -0.79 1.00
-0.40 -0.21 0.00
1.08 -0.02 1.00
0.93 -1.03 2.00
1.48 0.62 2.00
0.46 -0.10 0.00
-1.42 -0.95 3.00
3.93 0.25 3.00
-1.03 -1.79 3.00
-1.53 0.61 2.00
-0.31 -0.75 1.00
1.47 -0.01 2.00
0.33 1.02 1.00
1.11 0.25 1.00
-0.05 -1.11 1.00
-0.08 1.17 2.00
-1.38 1.33 3.00
-0.84 2.22 3.00
0.42 0.61 0.00
0.59 -1.55 2.00
-2.69 -1.03 3.00
-1.51 0.16 2.00
-0.30 -0.67 0.00
-0.13 0.56 0.00
1.11 1.48 3.00
0.07 1.50 2.00
0.08 0.32 0.00
-0.65 1.51 2.00
0.41 2.37 3.00
1.10 -0.93 2.00
0.34 0.82 1.00
-1.92 1.11 3.00
0.83 0.20 1.00
-1.62 1.48 3.00
-0.63 1.61 3.00
0.30 0.67 0.00
0.03 0.29 0.00
1.20 -1.57 3.00
-1.15 -1.93 3.00
0.50 -0.46 0.00
1.40 -0.64 2.00
-0.84 1.27 2.00
-0.33 1.37 2.00
0.38 0.32 0.00
-0.75 -0.48 1.00
1.09 0.48 2.00
0.52 -0.14 0.00
-1.41 -0.87 2.00
-0.75 0.53 1.00
-1.07 -0.70 2.00
-0.07 -0.84 1.00
-0.58 -0.15 0.00
-0.99 0.61 1.00
-0.26 0.61 0.00
0.53 -1.39 2.00
0.62 -1.12 2.00
-0.79 2.29 3.00
-0.84 1.33 2.00
-0.13 0.65 0.00
-0.73 -0.36 1.00
-1.70 1.17 3.00
-1.62 -1.20 3.00
-1.09 0.25 1.00
-0.24 1.04 1.00
-0.24 -0.15 0.00
0.74 1.52 3.00
0.04 2.02 3.00
-1.26 0.27 2.00
-0.40 0.64 1.00
-0.32 -0.05 0.00
0.72 -1.23 2.00
0.98 0.35 1.00
